returnCode="0" returnMessage="Query Succeed" rowCount="109" colCount="20" requestParams="dataCode=SURF_CHN_MUL_DAY&timeRange=[20211005000000,20211006000000)&staLevels=011,012,013&adminCodes=140000&elements=Province,City,Cnty,Station_Id_d,Lat,Lon,Alti,Year,Mon,Day,PRS_Avg,TEM_Avg,TEM_Max,TEM_Min,RHU_Avg,CLO_Cov_Avg,CLO_Cov_Low_Avg,PRE_Time_2020,PRE_Time_0808,WIN_S_2mi_Avg" requestTime="2021-10-15 09:37:23" responseTime="2021-10-15 09:37:24" takeTime="0.646"
Province City Cnty Station_Id_d Lat Lon Alti Year Mon Day PRS_Avg TEM_Avg TEM_Max TEM_Min RHU_Avg CLO_Cov_Avg CLO_Cov_Low_Avg PRE_Time_2020 PRE_Time_0808 WIN_S_2mi_Avg
山西省 运城市 芮城县 57053 34.7 110.71 505.7 2021 10 5 962.4 13 14.4 11.7 95 91.5 999999 14.5 4.6 3.1
山西省 晋中市 太谷县 53775 37.42 112.59 785.8 2021 10 5 931.9 7.4 9.3 6.6 95.8 100 999999 85.3 82.7 4.4
山西省 朔州市 应县 53584 39.56 113.16 1000.7 2021 10 5 911.7 7.1 8.7 5.5 94.3 96.5 999999 10.3 11.2 1.4
山西省 忻州市 原平市 53673 38.74 112.71 828.2 2021 10 5 930.6 8.2 9.5 7.7 100 98.3 999999 34.7 36 1.4
山西省 朔州市 山阴县 53576 39.51 112.82 1045 2021 10 5 906.8 6.9 8.3 5.4 88.5 96.5 999999 13.1 16 2.2
山西省 长治市 襄垣县 53884 36.51 113.03 877.9 2021 10 5 923 8.7 10.8 8 100 98.5 999999 25.9 45.7 1.4
山西省 大同市 天镇县 53490 40.44 114.06 1014.7 2021 10 5 911.2 8 10.6 5.9 84.5 90 999999 2.2 3.9 2.2
山西省 大同市 广灵县 53590 39.74 114.26 977.8 2021 10 5 915.1 6.9 8.9 5.1 93.8 97.8 999999 17.8 21.4 0.9
山西省 临汾市 古县 53874 36.25 111.9 648.7 2021 10 5 947.9 10.7 12.1 9.5 100 99.5 999999 40.5 44.2 0.9
山西省 吕梁市 柳林县 53753 37.44 110.89 860.1 2021 10 5 923.9 9.5 10.3 8.9 100 100 999999 56 50.1 2.1
山西省 临汾市 侯马市 53963 35.65 111.36 433.8 2021 10 5 971.7 11.4 13 10 90.8 99 999999 28.1 32.7 5
山西省 长治市 长治县 53882 36.06 113.03 1046.9 2021 10 5 903.6 7.6 9.4 7 99.5 89.5 999999 5.3 25.3 4.5
山西省 朔州市 平鲁区 53574 39.52 112.27 1409.4 2021 10 5 867.2 4.7 6 3.5 98.3 96.5 999999 8.6 10.2 1.8
山西省 晋城市 城区 53976 35.5 112.86 752.6 2021 10 5 935.4 11.3 13.1 10.4 90.5 98.5 999999 0.8 4.3 2.1
山西省 太原市 清徐县 53774 37.58 112.37 759.9 2021 10 5 937.2 8.2 9.7 7.2 93.3 100 999999 70.4 62.3 5.1
山西省 大同市 大同县 53488 40.04 113.59 1034.3 2021 10 5 908.7 7.4 10 5.5 83.3 88 999999 4.6 7.1 3
山西省 临汾市 曲沃县 53961 35.65 111.49 472.6 2021 10 5 966.8 12.2 13.8 11.1 100 99 999999 24.5 39.8 1
山西省 忻州市 保德县 53660 39.02 111.08 894.4 2021 10 5 921.5 9.2 10.4 7.9 84 92.3 999999 12.2 14.2 2.3
山西省 忻州市 岢岚县 53662 38.71 111.57 1396.7 2021 10 5 866.8 5.7 7.3 3.8 92.5 98.3 999999 21.4 21.1 4.2
山西省 太原市 小店区 53772 37.62 112.58 776.3 2021 10 5 935.7 7.7 9 7 99.8 100 999999 72.3 65.3 3.9
山西省 晋城市 高平市 53973 35.78 112.94 837.3 2021 10 5 926.2 10.3 12.1 9.6 98.8 96 999999 1.4 2.7 1.8
山西省 晋中市 介休市 53863 37.06 111.94 746 2021 10 5 938.2 8 9.9 7.3 100 100 999999 88.2 84.8 4.5
山西省 太原市 阳曲县 53678 38.07 112.66 897.1 2021 10 5 922.7 7.9 8.6 7.5 97.8 100 999999 54.8 52.9 1.7
山西省 临汾市 汾西县 53865 36.68 111.51 1126.1 2021 10 5 895.4 6.2 8 5.3 97 100 999999 84.9 93.2 4.3
山西省 阳泉市 盂县 53685 38.08 113.42 953.2 2021 10 5 917.1 6.3 7.3 5.5 96.3 100 999999 68.3 57.5 1.5
山西省 临汾市 安泽县 53877 36.13 112.26 1011.3 2021 10 5 907.8 8.4 10.3 7.4 97.5 100 999999 16.3 45.2 2.2
山西省 临汾市 乡宁县 53953 35.95 110.86 1290 2021 10 5 877.2 8 10.5 7 95.8 99.3 999999 34.6 22.4 2.6
山西省 运城市 稷山县 53954 35.62 110.97 433.5 2021 10 5 971.5 12.1 13.4 10.9 97.3 98 999999 29 29.2 4.8
山西省 晋中市 左权县 53786 37.09 113.33 1152.5 2021 10 5 893.5 6.3 8.6 5.8 98 100 999999 40.5 64.2 1.8
山西省 运城市 绛县 53965 35.5 111.57 761 2021 10 5 934.1 10.7 12.9 9.9 100 98 999999 18.5 29.1 2.7
山西省 临汾市 尧都区 53868 36.06 111.49 449.5 2021 10 5 970.4 11.4 13.6 10.2 87 89.3 999999 27.7 32.2 2.4
山西省 吕梁市 中阳县 53767 37.34 111.18 1213.1 2021 10 5 885.7 7.1 8.3 6.4 100 100 999999 64.8 61.1 5.7
山西省 长治市 沁县 53872 36.77 112.7 1030.6 2021 10 5 906.3 7.3 9.1 6.6 100 100 999999 54.8 59.4 3.6
山西省 吕梁市 文水县 53771 37.42 112.05 750 2021 10 5 938.3 8.1 9.9 7.2 99.5 100 999999 83.3 68.8 2.7
山西省 晋中市 榆社县 53787 37.07 112.98 1041.4 2021 10 5 905.5 7 8.8 6.2 95 100 999999 77.5 100.4 2.7
山西省 临汾市 襄汾县 53861 35.89 111.39 463.5 2021 10 5 968.8 10.9 12.7 9.6 93 94.3 999999 31.7 34.5 3.8
山西省 运城市 闻喜县 53967 35.33 111.2 468.3 2021 10 5 967 12.1 13.7 10.8 100 98 999999 22.6 23.7 2.5
山西省 长治市 武乡县 53871 36.86 112.87 1080.3 2021 10 5 900.7 6.8 8.7 6.2 97.5 100 999999 52.4 58.3 4.3
山西省 临汾市 洪洞县 53866 36.23 111.66 462.8 2021 10 5 969.2 10.8 12.6 9.6 89 94.3 999999 33 34 3.8
山西省 运城市 夏县 57060 35.16 111.22 402.9 2021 10 5 974.7 13.3 14.6 12 98 96 999999 17.6 19.4 1.3
山西省 运城市 永济市 57052 34.88 110.45 354.1 2021 10 5 979.9 13.6 15 12.8 99.8 99 999999 9.8 4.9 3.8
山西省 大同市 大同县 53487 40.08 113.41 1052.6 2021 10 5 906.2 7.3 9.9 5.3 82.3 88 999999 4.1 6.5 2.4
山西省 吕梁市 兴县 53664 38.46 111.13 1012.6 2021 10 5 907.7 8.8 10.1 7.6 92.5 92 999999 23.3 23.1 1.2
山西省 临汾市 翼城县 53962 35.73 111.7 584.5 2021 10 5 954 12 13.6 11 87.3 99 999999 13.6 38 3.3
山西省 晋中市 昔阳县 53783 37.6 113.72 940.3 2021 10 5 918.4 6.2 7.5 5.4 100 100 999999 78.5 78.9 1.5
山西省 晋城市 陵川县 53981 35.77 113.27 1311.6 2021 10 5 874.8 8.5 10.1 7.4 90.8 76.8 999999 0.6 0.9 3.8
山西省 忻州市 繁峙县 53585 39.17 113.26 933.9 2021 10 5 918.5 7.9 9.3 6.8 90.3 98.3 999999 31.4 30 2
山西省 忻州市 五寨县 53663 38.93 111.82 1401 2021 10 5 866.5 4.9 6.3 3.4 94.5 98.3 999999 22.3 21.9 2.1
山西省 大同市 阳高县 53486 40.37 113.77 1050.3 2021 10 5 907 7.7 10.4 5.6 83.3 90 999999 1.6 4 1.6
山西省 运城市 新绛县 53964 35.62 111.21 430.8 2021 10 5 971.3 11.6 13.2 10.4 93.3 99 999999 30.8 29.8 3.7
山西省 忻州市 代县 53579 39.05 112.92 859.7 2021 10 5 926.8 8.3 9.8 7.3 93.3 98.3 999999 33 35.2 1.4
山西省 忻州市 神池县 53575 39.09 112.2 1525.4 2021 10 5 854.4 3.1 4.1 1.5 100 98.3 999999 35 36.6 5.4
山西省 吕梁市 交城县 53777 37.51 112.14 753.6 2021 10 5 938.1 8.6 9.9 7.7 97.8 100 999999 74.7 67.6 3.5
山西省 忻州市 五台县 53681 38.84 113.36 1096.2 2021 10 5 900.5 7.8 8.9 6.9 95 94 999999 27.1 27.1 0.7
山西省 阳泉市 平定县 53687 37.79 113.63 753 2021 10 5 939.7 7 8.3 6.3 97.8 100 999999 82 90.5 1.6
山西省 吕梁市 交口县 53860 36.98 111.17 1406.7 2021 10 5 865.6 5.3 7 4.4 100 100 999999 85.8 79.1 1.4
山西省 太原市 娄烦县 53669 38.07 111.81 1150.3 2021 10 5 894.3 7.7 8.6 6.8 91.5 100 999999 48.8 45.8 1.3
山西省 晋城市 阳城县 53975 35.49 112.41 659.5 2021 10 5 946.2 11.6 13.8 11 98.5 79.3 999999 1.7 0.1 1.3
山西省 晋中市 灵石县 53862 36.85 111.79 811.7 2021 10 5 930.6 8 9.9 7.2 100 100 999999 85.6 87.2 2.5
山西省 运城市 垣曲县 53968 35.28 111.66 505 2021 10 5 963.2 12.6 15.2 11.1 100 100 999999 10.1 15.7 2.4
山西省 临汾市 吉县 53859 36.09 110.66 851.3 2021 10 5 924.2 10.8 12 9.8 94 98.5 999999 41 47.5 1.9
山西省 吕梁市 孝义市 53768 37.15 111.74 773.4 2021 10 5 935.3 8.1 10 7.3 99 100 999999 89.6 83.1 2.1
山西省 朔州市 朔城区 53578 39.37 112.43 1114.8 2021 10 5 899.1 6.3 7.4 4.9 91.3 96.5 999999 19.3 21.9 0.6
山西省 太原市 古交市 53763 37.9 112.17 1006.8 2021 10 5 910 7.8 9 7.1 93.3 100 999999 60.6 59.6 2.5
山西省 忻州市 忻府区 53674 38.39 112.69 869.9 2021 10 5 926 7.7 8.9 7.1 96.8 100 999999 23.4 11.7 1.6
山西省 吕梁市 汾阳市 53769 37.24 111.78 747.7 2021 10 5 938.3 8.3 10.3 7.6 100 92.5 999999 77.9 70.9 4.6
山西省 长治市 黎城县 53878 36.51 113.37 780.7 2021 10 5 934.5 8.1 10.1 7.5 96.5 94 999999 9.9 39.8 5.1
山西省 长治市 平顺县 53888 36.2 113.44 1089.2 2021 10 5 899.6 8.6 10 7.5 86.3 87.5 999999 0.6 7.1 2
山西省 运城市 河津市 53957 35.61 110.71 459.2 2021 10 5 968.3 12.3 13.8 11.4 100 98 999999 26.3 19.5 2
山西省 晋中市 平遥县 53778 37.17 112.18 780.3 2021 10 5 934.6 7.7 9.7 7 100 100 999999 88.2 80.8 2.5
山西省 忻州市 定襄县 53676 38.5 112.98 759.4 2021 10 5 938.2 8.7 10 7.6 95.3 98.3 999999 29.2 26.9 1
山西省 晋中市 榆次县 53776 37.7 112.79 854.1 2021 10 5 926.9 7 8.2 6.2 100 100 999999 73.8 70.9 5.4
山西省 长治市 壶关县 53885 36.12 113.2 1122 2021 10 5 895.4 6.7 8.8 6.1 100 87.5 999999 3.6 17.3 8.3
山西省 吕梁市 石楼县 53759 36.99 110.83 1109.1 2021 10 5 895.9 8 10 7.1 100 100 999999 70 69.9 1.3
山西省 晋中市 祁县 53770 37.36 112.35 768.8 2021 10 5 936 7.7 9.4 7 94.8 100 999999 86.3 87.4 4.1
山西省 吕梁市 岚县 53665 38.28 111.63 1221.3 2021 10 5 886.4 7.1 7.9 6 96.8 100 999999 34.4 35.2 1.6
山西省 运城市 临猗县 53958 35.17 110.78 435.6 2021 10 5 970.9 12.9 14 11.7 94 98 999999 22.6 11.3 1.6
山西省 吕梁市 离石区 53764 37.51 111.11 950.8 2021 10 5 914.6 9.2 10.7 8.3 100 100 999999 53 46.7 0.7
山西省 大同市 灵丘县 53594 39.44 114.22 938.7 2021 10 5 919.1 7.4 8.9 6.1 99.3 97.3 999999 27 27.8 1.1
山西省 临汾市 隰县 53853 36.7 110.95 1052.7 2021 10 5 902.6 7.8 9.6 6.9 100 100 999999 93.8 89.2 1.4
山西省 临汾市 浮山县 53966 35.98 111.83 817.2 2021 10 5 928.6 9.5 11.3 8.6 97.5 99.3 999999 28.1 53.1 2.9
山西省 长治市 沁源县 53875 36.51 112.34 1000 2021 10 5 909.3 8.6 10.4 7.8 95.8 99.5 999999 44.8 53.3 1.3
山西省 临汾市 蒲县 53864 36.4 111.1 1030.6 2021 10 5 905.9 8.2 10.1 7 95.3 100 999999 56.4 72.5 1.2
山西省 晋中市 和顺县 53788 37.33 113.57 1265.7 2021 10 5 882.4 4.6 6.2 4 95 100 999999 58.9 76.7 2
山西省 运城市 平陆县 57061 34.84 111.2 410.7 2021 10 5 974 13.6 15.3 12.4 97.5 97.8 999999 8 5.1 2
山西省 太原市 小店区 53679 37.75 112.54 776.2 2021 10 5 936.2 8.3 9.5 7.5 95 100 999999 71.2 64.1 1.5
山西省 运城市 盐湖区 53959 35.11 111.07 375 2021 10 5 977.8 13 14.6 11.9 97 98 999999 14.5 15.2 1.4
山西省 长治市 屯留县 53879 36.32 112.89 952.3 2021 10 5 914.6 8.1 9.9 7.6 100 88 999999 14.9 38.9 2.3
山西省 大同市 左云县 53573 40 112.71 1336.3 2021 10 5 875.2 5.5 7.8 3.6 87.3 88.8 999999 4.3 7.1 3.2
山西省 晋中市 寿阳县 53780 37.91 113.15 1066.1 2021 10 5 904.2 5.9 7.1 5.1 99 100 999999 70.2 63.8 1.8
山西省 晋城市 沁水县 53970 35.69 112.19 887.3 2021 10 5 920.7 10.2 12.7 9.3 95 94.8 999999 6.1 13.3 1.7
山西省 忻州市 偏关县 53565 39.44 111.5 1051.7 2021 10 5 903 8.3 10.2 7.1 86.3 97 999999 5.5 6.6 1.5
山西省 忻州市 静乐县 53666 38.36 111.94 1212.2 2021 10 5 887.5 7.1 8 6.5 100 98.3 999999 39.1 39.4 1.8
山西省 临汾市 霍州市 53869 36.58 111.7 550 2021 10 5 959.2 9.9 11.6 9 91.5 98.3 999999 55.8 67.6 2.8
山西省 运城市 万荣县 53956 35.42 110.84 588.4 2021 10 5 952.9 11.1 13.1 10.1 99.3 98 999999 28.3 18.4 3.3
山西省 太原市 尖草坪区 53677 37.94 112.48 806.5 2021 10 5 931.4 8.5 9.5 8.1 100 100 999999 68.5 63 1.2
山西省 大同市 浑源县 53582 39.71 113.66 1079.2 2021 10 5 902.9 6.8 8.8 5.3 93.3 92 999999 13.7 14.4 1
山西省 吕梁市 方山县 53760 37.88 111.23 1212.4 2021 10 5 886.8 7.8 9.1 6.8 94.5 100 999999 42.5 42.4 3.9
山西省 忻州市 宁武县 53577 39 112.3 1437.4 2021 10 5 864.2 4.2 5.2 2.5 97.5 98.3 999999 27 25.6 1.2
山西省 忻州市 河曲县 53564 39.36 111.21 1036 2021 10 5 906.2 8.1 9.7 6.7 90.3 97 999999 4.9 6.3 1.8
山西省 临汾市 永和县 53852 36.77 110.64 916.6 2021 10 5 919 9.3 11.5 8.2 92.5 100 999999 76.4 68.8 1.4
山西省 吕梁市 临县 53659 37.97 111 1163.3 2021 10 5 890.9 7.5 8.4 6.8 100 100 999999 37.2 34.9 1.7
山西省 阳泉市 郊区 53782 37.93 113.62 767.2 2021 10 5 938.1 6.7 8.1 6.1 99 100 999999 77.2 78.2 1.7
山西省 长治市 长子县 53873 36.1 112.87 951.1 2021 10 5 914.4 8.2 10.2 7.7 97.5 89.5 999999 8.6 37.1 3.9
山西省 长治市 潞城市 53880 36.34 113.23 947.6 2021 10 5 915.4 7.5 9.3 6.8 97.8 88 999999 7 38.7 3.1
山西省 忻州市 五台县 53588 38.94 113.51 2208.3 2021 10 5 785.7 1.9 3.7 1 100 94 999999 30.6 28.8 7.6
山西省 临汾市 大宁县 53856 36.46 110.75 765.9 2021 10 5 934.4 10 12.1 8.9 100 999999 999999 83.2 96.4 1.3
山西省 朔州市 右玉县 53478 39.99 112.46 1345.8 2021 10 5 874.2 5.6 7.8 3.7 84.8 88.8 999999 3.3 5.1 2.4
山西省 朔州市 怀仁县 53580 39.83 113.1 1044.6 2021 10 5 906.9 7.1 9.6 5.4 86.5 88 999999 7.2 9.8 1.9
