Station_Id_C Year Mon Day Hour PRS PRS_Sea PRS_Max PRS_Min WIN_S_Max WIN_S_Inst_Max WIN_D_INST_Max WIN_D_Avg_2mi WIN_S_Avg_2mi WIN_D_S_Max TEM TEM_Max TEM_Min RHU RHU_Min PRE_3h
54428 2025 10 5 0 1013.4000 1017.2000 1013.4000 1012.8000 2.4000 5.0000 81 72 1.8000 85 19.3000 19.3000 18.3000 86 85 0.0000 
54428 2025 10 5 3 1013.8000 1017.6000 1014.3000 1013.7000 2.9000 5.7000 82 78 2.6000 81 20.9000 20.9000 20.7000 62 61 0.0000 
54428 2025 10 5 6 1012.8000 1016.6000 1013.2000 1012.8000 3.1000 6.0000 75 73 2.3000 81 20.5000 21.2000 20.5000 54 50 0.0000 
54428 2025 10 5 9 1013.1000 1016.9000 1013.1000 1012.7000 1.8000 3.3000 68 49 1.2000 69 19.3000 20.0000 19.3000 56 49 0.0000 
54428 2025 10 5 12 1014.4000 1018.2000 1014.4000 1014.1000 2.2000 3.8000 59 61 2.3000 59 18.6000 18.6000 18.0000 50 50 0.0000 
54428 2025 10 5 15 1015.7000 1019.5000 1015.7000 1015.3000 1.5000 2.6000 243 222 0.9000 242 15.3000 17.2000 15.3000 85 50 0.0000 
54428 2025 10 5 18 1016.0000 1019.8000 1016.0000 1015.7000 1.3000 2.4000 325 320 0.6000 341 13.1000 14.1000 13.1000 91 81 0.9000 
54428 2025 10 5 21 1015.9000 1019.7000 1016.0000 1015.7000 2.0000 3.3000 330 327 2.0000 332 12.6000 12.6000 12.4000 73 73 0.5000 
54428 2025 10 6 0 1016.7000 1020.5000 1016.7000 1015.7000 1.2000 1.7000 331 318 0.9000 331 14.0000 14.0000 13.2000 70 67 0.0000 
54428 2025 10 6 3 1017.2000 1021.0000 1017.4000 1017.1000 1.4000 2.7000 222 277 0.7000 205 17.1000 17.2000 15.9000 55 55 0.0000 
54428 2025 10 6 6 1015.5000 1019.3000 1015.6000 1015.3000 1.9000 3.5000 251 176 1.1000 208 19.9000 20.5000 19.5000 56 52 0.0000 
54428 2025 10 6 9 1015.1000 1018.9000 1015.2000 1014.9000 1.6000 2.6000 196 206 1.4000 196 19.1000 21.7000 19.1000 64 49 0.0000 
54428 2025 10 6 12 1016.5000 1020.3000 1016.5000 1016.0000 0.9000 1.4000 324 321 1.0000 324 13.3000 13.9000 13.3000 90 86 0.0000 
54428 2025 10 6 15 1016.7000 1020.5000 1016.7000 1016.6000 1.2000 1.3000 259 303 0.8000 266 12.1000 12.4000 12.1000 93 91 0.0000 
54428 2025 10 6 18 1016.8000 1020.6000 1016.8000 1015.8000 1.2000 1.5000 284 259 0.3000 288 13.1000 13.1000 12.1000 94 93 0.0000 
54428 2025 10 6 21 1016.2000 1020.0000 1016.6000 1016.1000 0.7000 1.0000 340 231 0.6000 302 13.5000 13.6000 13.5000 94 93 0.0000 
54428 2025 10 7 0 1016.6000 1020.4000 1016.7000 1016.5000 0.7000 1.2000 337 68 0.8000 328 15.2000 15.2000 13.1000 88 87 0.0000 
54428 2025 10 7 3 1016.1000 1019.9000 1016.5000 1015.9000 3.2000 4.8000 258 270 1.8000 242 21.2000 21.2000 18.7000 55 53 0.0000 
54428 2025 10 7 6 1014.3000 1018.1000 1014.7000 1014.3000 3.2000 6.2000 229 225 2.6000 227 22.1000 23.5000 22.1000 54 47 0.0000 
54428 2025 10 7 9 1014.5000 1018.3000 1014.7000 1014.3000 2.1000 3.9000 218 207 1.5000 228 20.4000 21.4000 20.4000 68 61 0.0000 
54428 2025 10 7 12 1016.2000 1020.0000 1016.2000 1015.7000 0.9000 1.4000 330 298 0.6000 324 15.1000 16.0000 15.1000 93 89 0.0000 
54428 2025 10 7 15 1015.9000 1019.7000 1016.1000 1015.8000 1.7000 2.3000 83 999017 0.0000 64 15.5000 16.1000 15.3000 93 91 0.0000 
54428 2025 10 7 18 1016.9000 1020.7000 1017.0000 1016.4000 1.7000 2.3000 24 51 1.4000 13 16.3000 16.6000 16.2000 89 88 0.0000 
54428 2025 10 7 21 1018.9000 1022.7000 1018.9000 1018.4000 1.5000 2.0000 22 55 1.0000 18 15.8000 16.7000 15.8000 79 74 0.0000 
54428 2025 10 8 0 1020.9000 1024.7000 1021.0000 1020.4000 1.7000 2.8000 56 77 0.9000 62 16.3000 16.5000 15.9000 50 46 0.0000 
54428 2025 10 8 3 1021.7000 1025.5000 1021.9000 1021.7000 2.4000 4.1000 66 55 1.5000 61 13.9000 14.6000 13.9000 64 52 0.5000 
54428 2025 10 8 6 1021.1000 1025.0000 1021.2000 1020.9000 2.5000 3.3000 52 81 1.7000 59 11.2000 11.9000 11.2000 83 76 2.5000 
54428 2025 10 8 9 1020.4000 1024.3000 1021.1000 1020.4000 2.7000 4.2000 75 68 2.4000 70 9.9000 9.9000 9.5000 94 92 9.1000 
54428 2025 10 8 12 1021.9000 1025.8000 1021.9000 1020.8000 2.0000 3.5000 74 66 2.1000 74 9.3000 9.4000 9.3000 94 94 6.2000 
54428 2025 10 8 15 1022.1000 1026.0000 1022.1000 1021.8000 1.3000 2.2000 49 44 1.1000 39 9.2000 9.3000 9.2000 95 95 6.4000 
54428 2025 10 8 18 1021.0000 1024.9000 1021.3000 1020.9000 1.7000 2.9000 53 53 1.9000 66 8.8000 9.0000 8.8000 96 96 2.8000 
54428 2025 10 8 21 1020.1000 1024.0000 1020.6000 1020.1000 1.5000 3.1000 41 62 1.0000 36 9.0000 9.0000 8.9000 97 96 6.5000 
54428 2025 10 9 0 1021.3000 1025.2000 1021.3000 1020.8000 2.9000 5.1000 64 45 2.2000 61 9.4000 9.5000 9.4000 94 94 4.3000 
54428 2025 10 9 3 1020.8000 1024.7000 1021.3000 1020.7000 3.7000 6.9000 76 69 3.0000 70 9.6000 9.6000 9.3000 93 93 5.0000 
54428 2025 10 9 6 1020.1000 1024.0000 1020.1000 1019.9000 2.4000 3.8000 76 66 1.8000 71 9.7000 9.9000 9.6000 94 92 5.7000 
54428 2025 10 9 9 1019.2000 1023.1000 1019.4000 1019.0000 2.0000 3.3000 75 79 1.0000 70 9.4000 9.4000 9.3000 93 93 3.3000 
54428 2025 10 9 12 1019.6000 1023.5000 1019.8000 1019.6000 0.7000 1.0000 35 242 0.5000 331 9.7000 9.7000 9.6000 95 93 0.0000 
54428 2025 10 9 15 1019.3000 1023.2000 1019.7000 1019.2000 1.6000 2.7000 245 247 0.9000 248 9.9000 9.9000 9.9000 96 96 0.0000 
54428 2025 10 9 18 1019.4000 1023.3000 1020.0000 1019.3000 1.5000 3.2000 271 287 0.7000 257 10.1000 10.1000 10.0000 94 93 1.6000 
54428 2025 10 9 21 1018.4000 1022.3000 1018.9000 1018.0000 1.5000 2.3000 332 286 0.6000 45 9.3000 9.6000 9.3000 94 91 1.3000 
54523 2025 10 5 0 1015.6000 1016.5000 1015.6000 1015.2000 0.7000 1.2000 111 999017 0.2000 81 19.7000 19.7000 19.4000 92 92 0.0000 
54523 2025 10 5 3 1016.2000 1017.1000 1016.6000 1016.1000 2.5000 4.8000 83 80 2.0000 78 19.1000 20.1000 19.0000 96 90 0.8000 
54523 2025 10 5 6 1015.7000 1016.6000 1015.9000 1015.5000 2.5000 5.6000 89 82 1.5000 84 17.1000 17.7000 16.9000 97 96 4.1000 
54523 2025 10 5 9 1015.5000 1016.4000 1015.6000 1015.0000 1.4000 3.1000 117 118 0.6000 93 16.4000 16.6000 16.4000 91 90 0.3000 
54523 2025 10 5 12 1016.8000 1017.7000 1016.9000 1016.7000 2.4000 5.1000 111 92 1.9000 126 15.2000 16.1000 15.2000 91 91 0.9000 
54523 2025 10 5 15 1018.7000 1019.6000 1018.9000 1018.3000 1.3000 3.0000 105 9 0.7000 92 13.3000 13.9000 13.3000 93 93 4.6000 
54523 2025 10 5 18 1018.5000 1019.4000 1018.5000 1017.9000 1.2000 2.2000 135 120 0.6000 127 12.5000 12.7000 12.5000 94 92 4.6000 
54523 2025 10 5 21 1018.2000 1019.1000 1018.5000 1018.2000 0.7000 1.5000 4 353 1.2000 345 12.6000 12.7000 12.5000 97 96 2.2000 
54523 2025 10 6 0 1019.2000 1020.1000 1019.2000 1018.4000 0.7000 1.6000 41 999017 0.2000 36 13.2000 13.3000 12.9000 88 87 0.1000 
54523 2025 10 6 3 1019.9000 1020.8000 1020.2000 1019.9000 1.7000 3.4000 4 39 1.3000 12 15.6000 15.7000 15.1000 64 62 0.0000 
54523 2025 10 6 6 1018.5000 1019.4000 1018.7000 1018.5000 1.7000 3.1000 4 356 1.3000 317 18.3000 18.5000 17.6000 50 48 0.0000 
54523 2025 10 6 9 1018.2000 1019.1000 1018.2000 1018.0000 1.0000 1.3000 327 283 0.8000 11 18.5000 19.4000 18.5000 56 46 0.0000 
54523 2025 10 6 12 1019.3000 1020.2000 1019.3000 1018.7000 0.8000 1.2000 248 999017 0.0000 251 13.5000 14.3000 13.5000 87 82 0.0000 
54523 2025 10 6 15 1019.6000 1020.5000 1019.6000 1019.4000 0.5000 0.7000 209 215 0.6000 167 12.1000 12.3000 12.1000 94 93 0.0000 
54523 2025 10 6 18 1019.6000 1020.5000 1019.6000 1019.0000 1.3000 2.1000 283 277 0.8000 270 14.5000 14.6000 13.6000 78 77 0.0000 
54523 2025 10 6 21 1019.2000 1020.1000 1019.4000 1019.1000 0.6000 1.0000 219 999017 0.1000 211 14.4000 14.6000 14.4000 88 84 0.0000 
54523 2025 10 7 0 1019.5000 1020.4000 1019.5000 1019.0000 1.1000 2.1000 226 340 0.9000 214 16.8000 16.8000 14.2000 76 74 0.0000 
54523 2025 10 7 3 1019.2000 1020.1000 1019.3000 1019.1000 1.6000 3.6000 258 264 0.9000 269 20.8000 21.1000 19.6000 55 50 0.0000 
54523 2025 10 7 6 1017.2000 1018.1000 1018.0000 1017.2000 2.1000 3.7000 213 227 1.9000 268 22.1000 22.5000 21.6000 50 48 0.0000 
54523 2025 10 7 9 1017.7000 1018.6000 1017.8000 1017.3000 2.0000 3.4000 267 252 1.4000 242 21.2000 22.1000 21.2000 60 52 0.0000 
54523 2025 10 7 12 1018.7000 1019.6000 1018.7000 1018.3000 0.4000 0.5000 155 263 0.3000 168 16.0000 17.3000 16.0000 91 85 0.0000 
54523 2025 10 7 15 1019.0000 1019.9000 1019.1000 1018.7000 1.0000 1.4000 260 261 0.9000 259 16.4000 16.4000 16.2000 95 94 0.0000 
54523 2025 10 7 18 1018.9000 1019.8000 1019.2000 1018.4000 0.6000 1.0000 132 283 0.5000 99 16.9000 17.0000 16.8000 95 94 0.0000 
54523 2025 10 7 21 1021.3000 1022.2000 1021.3000 1020.3000 2.1000 5.4000 88 84 2.0000 82 16.8000 17.1000 16.8000 92 92 1.1000 
54523 2025 10 8 0 1023.3000 1024.2000 1023.3000 1023.0000 3.9000 8.7000 90 95 4.0000 96 13.1000 13.3000 12.9000 63 61 3.6000 
54523 2025 10 8 3 1023.7000 1024.6000 1024.2000 1023.7000 2.8000 7.4000 84 97 1.8000 85 13.4000 13.4000 13.1000 59 56 0.1000 
54523 2025 10 8 6 1023.3000 1024.2000 1023.5000 1022.9000 1.7000 4.6000 37 58 0.9000 38 11.5000 13.4000 11.5000 85 64 1.3000 
54523 2025 10 8 9 1023.3000 1024.3000 1023.4000 1022.9000 2.2000 5.0000 39 47 1.5000 33 8.9000 9.6000 8.9000 95 94 5.6000 
54523 2025 10 8 12 1024.3000 1025.3000 1024.5000 1023.8000 2.3000 6.5000 33 25 2.1000 28 8.5000 8.6000 8.5000 97 96 8.9000 
54523 2025 10 8 15 1024.3000 1025.3000 1024.6000 1024.1000 1.9000 4.4000 41 46 1.3000 55 8.2000 8.3000 8.2000 97 97 13.0000 
54523 2025 10 8 18 1023.0000 1024.0000 1023.4000 1023.0000 2.3000 5.6000 40 32 2.0000 30 8.2000 8.4000 8.2000 97 97 5.7000 
54523 2025 10 8 21 1022.5000 1023.5000 1022.8000 1022.5000 2.1000 4.6000 21 28 1.5000 25 8.3000 8.3000 8.1000 98 97 10.1000 
54523 2025 10 9 0 1023.4000 1024.4000 1023.4000 1023.1000 2.0000 5.6000 30 38 1.6000 36 8.9000 8.9000 8.7000 98 98 9.0000 
54523 2025 10 9 3 1023.0000 1024.0000 1023.5000 1023.0000 1.9000 5.1000 45 47 1.8000 48 8.7000 8.9000 8.7000 97 97 6.8000 
54523 2025 10 9 6 1022.2000 1023.2000 1022.7000 1022.1000 2.4000 6.9000 39 41 3.1000 32 8.2000 8.2000 8.1000 97 97 17.6000 
54523 2025 10 9 9 1022.0000 1023.0000 1022.0000 1021.5000 1.7000 4.5000 14 40 1.6000 42 8.2000 8.4000 8.2000 96 96 7.0000 
54523 2025 10 9 12 1022.2000 1023.2000 1022.3000 1022.1000 1.4000 4.1000 29 26 1.5000 37 8.2000 8.2000 8.1000 97 97 6.5000 
54523 2025 10 9 15 1022.1000 1023.1000 1022.6000 1022.1000 1.0000 1.9000 338 352 0.9000 344 8.5000 8.5000 8.3000 97 96 0.3000 
54523 2025 10 9 18 1022.5000 1023.5000 1022.6000 1022.1000 1.9000 6.9000 3 23 1.5000 5 8.9000 9.1000 8.6000 97 97 3.0000 
54523 2025 10 9 21 1021.2000 1022.2000 1021.2000 1020.4000 0.8000 1.6000 354 330 0.6000 328 8.9000 8.9000 8.8000 98 96 1.6000 
54525 2025 10 5 0 1016.1000 1016.7000 1016.1000 1015.6000 1.4000 1.9000 124 92 1.4000 95 19.2000 19.2000 18.3000 88 88 0.0000 
54525 2025 10 5 3 1016.6000 1017.2000 1017.2000 1016.6000 3.3000 6.0000 96 95 2.2000 113 19.6000 20.1000 19.5000 74 74 0.0000 
54525 2025 10 5 6 1015.8000 1016.4000 1016.1000 1015.6000 2.4000 4.6000 70 69 1.7000 81 20.0000 20.2000 19.7000 60 58 0.0000 
54525 2025 10 5 9 1015.7000 1016.3000 1015.8000 1015.4000 3.0000 4.6000 98 83 1.2000 103 19.3000 19.5000 19.3000 59 58 0.0000 
54525 2025 10 5 12 1017.3000 1017.9000 1017.3000 1016.9000 3.0000 5.4000 129 124 3.4000 119 17.0000 18.1000 17.0000 76 64 0.0000 
54525 2025 10 5 15 1018.5000 1019.1000 1018.8000 1018.4000 2.4000 3.7000 110 140 1.7000 125 14.0000 14.5000 14.0000 88 85 2.6000 
54525 2025 10 5 18 1018.6000 1019.2000 1018.8000 1018.4000 1.2000 1.8000 332 339 1.1000 355 13.6000 13.7000 13.5000 89 82 2.0000 
54525 2025 10 5 21 1018.6000 1019.2000 1018.8000 1018.5000 1.9000 3.4000 42 354 1.4000 24 13.4000 13.6000 13.4000 73 71 0.1000 
54525 2025 10 6 0 1019.6000 1020.3000 1019.6000 1018.6000 1.4000 1.9000 340 333 1.4000 329 13.8000 13.8000 13.2000 77 76 0.1000 
54525 2025 10 6 3 1020.1000 1020.8000 1020.6000 1020.0000 2.0000 3.5000 321 339 2.0000 330 16.6000 16.6000 15.3000 63 61 0.0000 
54525 2025 10 6 6 1018.6000 1019.2000 1018.9000 1018.5000 1.6000 2.7000 284 315 1.3000 285 19.2000 19.2000 18.1000 51 50 0.0000 
54525 2025 10 6 9 1018.2000 1018.8000 1018.2000 1018.0000 1.7000 2.5000 290 267 0.9000 278 19.4000 20.6000 19.4000 55 47 0.0000 
54525 2025 10 6 12 1019.4000 1020.1000 1019.4000 1018.9000 0.9000 1.6000 239 999017 0.2000 220 14.7000 16.2000 14.7000 82 70 0.0000 
54525 2025 10 6 15 1019.7000 1020.4000 1019.7000 1019.5000 0.9000 1.4000 312 271 0.5000 300 12.6000 13.2000 12.6000 91 90 0.0000 
54525 2025 10 6 18 1019.9000 1020.5000 1020.0000 1019.0000 1.4000 2.0000 281 270 0.8000 295 14.2000 14.2000 13.9000 82 82 0.0000 
54525 2025 10 6 21 1019.4000 1020.0000 1019.5000 1019.2000 1.1000 1.3000 346 202 0.7000 211 14.2000 14.4000 14.2000 88 84 0.0000 
54525 2025 10 7 0 1019.6000 1020.3000 1019.8000 1019.3000 1.1000 1.7000 278 234 0.5000 289 16.0000 16.0000 14.0000 79 77 0.0000 
54525 2025 10 7 3 1019.2000 1019.8000 1019.8000 1019.2000 2.5000 4.1000 278 199 1.9000 286 20.5000 20.5000 18.6000 58 56 0.0000 
54525 2025 10 7 6 1017.6000 1018.2000 1018.1000 1017.6000 2.7000 5.3000 222 247 1.4000 219 22.2000 23.1000 22.1000 52 47 0.0000 
54525 2025 10 7 9 1017.7000 1018.3000 1017.7000 1017.4000 1.5000 2.0000 287 281 0.7000 295 21.8000 22.1000 21.7000 59 54 0.0000 
54525 2025 10 7 12 1019.0000 1019.7000 1019.0000 1018.6000 0.8000 1.0000 335 999017 0.0000 317 16.3000 17.7000 16.3000 89 83 0.0000 
54525 2025 10 7 15 1018.7000 1019.3000 1018.9000 1018.7000 1.4000 2.0000 323 265 0.6000 296 16.6000 16.6000 15.8000 89 89 0.0000 
54525 2025 10 7 18 1019.3000 1019.9000 1019.4000 1019.1000 1.2000 1.6000 42 62 0.6000 42 15.2000 15.3000 14.8000 95 92 0.0000 
54525 2025 10 7 21 1021.6000 1022.2000 1021.6000 1021.2000 2.8000 4.4000 129 118 3.0000 116 17.6000 17.6000 15.8000 68 68 0.0000 
54525 2025 10 8 0 1023.7000 1024.4000 1023.7000 1023.1000 2.8000 5.1000 107 105 2.3000 115 14.5000 15.3000 14.5000 73 70 0.4000 
54525 2025 10 8 3 1024.2000 1024.9000 1024.6000 1024.2000 2.0000 3.5000 98 95 2.5000 97 14.2000 14.2000 13.4000 67 66 0.7000 
54525 2025 10 8 6 1024.3000 1025.0000 1024.4000 1023.8000 3.6000 6.4000 39 62 3.0000 54 10.3000 12.2000 10.3000 80 65 1.8000 
54525 2025 10 8 9 1023.8000 1024.5000 1023.9000 1023.5000 3.5000 7.3000 53 62 3.3000 68 9.1000 9.2000 9.1000 86 85 8.3000 
54525 2025 10 8 12 1025.2000 1025.9000 1025.2000 1024.1000 3.2000 5.6000 62 26 2.1000 60 8.5000 8.6000 8.5000 92 92 6.3000 
54525 2025 10 8 15 1024.9000 1025.6000 1025.0000 1024.7000 3.0000 4.5000 113 78 2.4000 92 8.5000 8.5000 8.5000 93 93 9.5000 
54525 2025 10 8 18 1023.9000 1024.6000 1024.2000 1023.8000 2.8000 4.7000 37 44 2.4000 54 8.4000 8.5000 8.3000 93 93 2.3000 
54525 2025 10 8 21 1023.0000 1023.7000 1023.4000 1023.0000 3.0000 4.8000 48 49 1.7000 35 8.6000 8.6000 8.5000 94 94 7.3000 
54525 2025 10 9 0 1024.1000 1024.8000 1024.2000 1023.7000 2.5000 3.9000 20 34 2.1000 62 9.1000 9.2000 9.0000 94 94 8.7000 
54525 2025 10 9 3 1023.8000 1024.5000 1024.1000 1023.8000 4.8000 8.3000 70 62 3.7000 65 8.2000 8.6000 8.2000 92 92 10.6000 
54525 2025 10 9 6 1022.7000 1023.4000 1023.3000 1022.7000 2.4000 4.5000 51 49 2.1000 57 8.4000 8.5000 8.3000 93 93 11.3000 
54525 2025 10 9 9 1022.2000 1022.9000 1022.3000 1021.9000 2.6000 4.2000 82 63 1.9000 59 8.4000 8.5000 8.4000 94 93 6.2000 
54525 2025 10 9 12 1022.5000 1023.2000 1022.8000 1022.5000 1.5000 2.4000 34 354 0.6000 69 8.7000 8.8000 8.7000 90 87 0.3000 
54525 2025 10 9 15 1022.4000 1023.1000 1022.6000 1022.4000 0.9000 1.3000 281 261 0.7000 271 8.9000 8.9000 8.9000 94 93 0.4000 
54525 2025 10 9 18 1022.6000 1023.3000 1022.9000 1022.5000 2.1000 5.3000 309 309 1.9000 339 9.9000 9.9000 9.5000 93 93 1.5000 
54525 2025 10 9 21 1021.7000 1022.4000 1021.8000 1020.6000 1.3000 2.2000 332 340 1.5000 327 9.9000 9.9000 9.8000 94 93 0.5000 
54526 2025 10 5 0 1016.3000 1016.6000 1016.6000 1016.3000 1.1000 2.2000 225 170 0.9000 233 19.5000 19.5000 19.3000 91 88 0.2000 
54526 2025 10 5 3 1017.1000 1017.4000 1017.5000 1016.9000 1.5000 3.2000 96 14 1.0000 79 19.9000 20.2000 19.9000 92 88 1.4000 
54526 2025 10 5 6 1016.5000 1016.8000 1016.5000 1016.2000 2.6000 5.4000 73 53 1.5000 90 16.4000 17.1000 16.4000 93 91 2.8000 
54526 2025 10 5 9 1016.3000 1016.6000 1016.4000 1015.9000 2.9000 5.2000 92 81 1.3000 100 15.6000 16.0000 15.6000 90 89 2.6000 
54526 2025 10 5 12 1017.8000 1018.1000 1017.9000 1017.7000 2.9000 6.8000 52 69 2.9000 48 15.0000 15.3000 15.0000 90 90 5.1000 
54526 2025 10 5 15 1019.1000 1019.4000 1019.3000 1018.6000 1.7000 4.4000 21 44 0.9000 28 14.1000 14.6000 14.1000 90 88 5.1000 
54526 2025 10 5 18 1018.7000 1019.0000 1018.7000 1018.3000 2.1000 5.0000 24 34 2.3000 34 12.7000 13.1000 12.7000 85 85 3.3000 
54526 2025 10 5 21 1019.1000 1019.4000 1019.2000 1018.8000 2.3000 5.0000 39 34 1.8000 29 11.6000 12.0000 11.6000 84 83 4.9000 
54526 2025 10 6 0 1019.8000 1020.1000 1019.8000 1019.2000 1.2000 2.4000 32 18 0.6000 43 13.1000 13.1000 12.1000 73 71 0.3000 
54526 2025 10 6 3 1020.6000 1020.9000 1020.9000 1020.3000 2.7000 4.8000 356 359 2.9000 355 15.1000 15.1000 14.6000 57 55 0.0000 
54526 2025 10 6 6 1019.4000 1019.7000 1019.7000 1019.3000 2.8000 4.1000 344 319 2.1000 352 17.6000 17.8000 17.0000 48 42 0.0000 
54526 2025 10 6 9 1019.4000 1019.7000 1019.4000 1019.1000 2.0000 3.6000 344 331 0.8000 334 18.9000 19.3000 18.5000 43 40 0.0000 
54526 2025 10 6 12 1020.0000 1020.3000 1020.0000 1019.6000 0.8000 1.2000 192 135 0.6000 205 14.1000 14.5000 13.9000 79 73 0.0000 
54526 2025 10 6 15 1020.7000 1021.0000 1020.7000 1020.2000 0.7000 0.9000 176 204 0.7000 179 12.7000 13.2000 12.7000 89 88 0.0000 
54526 2025 10 6 18 1020.4000 1020.7000 1020.9000 1019.5000 1.3000 2.2000 269 218 0.9000 281 15.0000 15.0000 13.5000 75 74 0.0000 
54526 2025 10 6 21 1020.2000 1020.5000 1020.5000 1020.2000 0.9000 1.5000 231 243 0.5000 231 15.1000 15.1000 14.8000 77 73 0.0000 
54526 2025 10 7 0 1020.2000 1020.5000 1020.2000 1020.0000 0.9000 1.3000 176 999017 0.0000 169 16.7000 16.7000 14.6000 70 70 0.0000 
54526 2025 10 7 3 1020.0000 1020.3000 1020.2000 1020.0000 1.8000 3.5000 250 211 1.5000 249 21.0000 21.0000 20.0000 50 47 0.0000 
54526 2025 10 7 6 1018.2000 1018.5000 1019.0000 1018.2000 1.7000 3.1000 295 307 1.2000 239 23.4000 23.5000 22.1000 46 45 0.0000 
54526 2025 10 7 9 1018.8000 1019.1000 1018.8000 1018.3000 2.0000 3.3000 260 190 0.8000 246 21.8000 22.7000 21.8000 56 50 0.0000 
54526 2025 10 7 12 1019.6000 1019.9000 1019.6000 1019.3000 0.7000 0.9000 217 153 0.5000 190 17.7000 19.0000 17.7000 80 75 0.0000 
54526 2025 10 7 15 1019.9000 1020.2000 1020.0000 1019.7000 1.0000 1.4000 187 999017 0.2000 196 16.9000 17.2000 16.4000 88 86 0.0000 
54526 2025 10 7 18 1019.7000 1020.0000 1020.1000 1019.5000 0.9000 1.2000 148 999017 0.0000 166 17.8000 18.0000 17.5000 86 85 0.0000 
54526 2025 10 7 21 1022.0000 1022.3000 1022.0000 1021.3000 1.9000 3.9000 93 71 1.5000 89 17.8000 17.9000 17.7000 87 87 1.4000 
54526 2025 10 8 0 1023.9000 1024.2000 1023.9000 1023.3000 3.7000 7.1000 78 82 2.5000 103 15.1000 15.1000 14.7000 61 61 1.9000 
54526 2025 10 8 3 1024.3000 1024.6000 1024.5000 1024.1000 5.0000 10.8000 94 93 2.9000 100 14.9000 15.4000 14.9000 48 47 0.0000 
54526 2025 10 8 6 1023.5000 1023.8000 1023.6000 1023.2000 5.6000 12.1000 77 108 1.6000 91 13.1000 13.7000 13.1000 54 46 0.2000 
54526 2025 10 8 9 1023.1000 1023.4000 1023.3000 1022.8000 3.0000 7.2000 35 31 3.1000 38 9.6000 9.8000 9.6000 91 86 4.3000 
54526 2025 10 8 12 1024.1000 1024.4000 1024.3000 1023.6000 4.0000 9.5000 52 21 2.0000 48 8.8000 9.0000 8.7000 92 90 7.6000 
54526 2025 10 8 15 1024.1000 1024.4000 1024.8000 1024.0000 4.2000 10.3000 37 42 2.9000 47 8.3000 8.5000 8.3000 91 90 11.4000 
54526 2025 10 8 18 1023.3000 1023.6000 1023.6000 1023.3000 3.1000 7.4000 43 42 3.4000 34 8.5000 8.6000 8.4000 93 93 10.1000 
54526 2025 10 8 21 1022.8000 1023.1000 1023.0000 1022.6000 2.7000 6.1000 10 38 2.6000 19 8.4000 8.4000 8.3000 94 94 14.0000 
54526 2025 10 9 0 1023.7000 1024.0000 1023.8000 1023.5000 3.2000 6.5000 41 40 2.6000 49 8.9000 8.9000 8.8000 94 94 9.2000 
54526 2025 10 9 3 1023.5000 1023.8000 1023.9000 1023.3000 4.1000 9.0000 56 37 3.1000 46 8.9000 9.0000 8.8000 92 92 7.6000 
54526 2025 10 9 6 1022.4000 1022.7000 1022.8000 1022.4000 3.6000 10.3000 58 54 2.7000 52 8.8000 8.9000 8.7000 92 92 7.6000 
54526 2025 10 9 9 1022.4000 1022.7000 1022.4000 1021.9000 3.5000 7.8000 51 52 2.9000 43 8.7000 8.7000 8.5000 90 90 4.5000 
54526 2025 10 9 12 1022.9000 1023.2000 1022.9000 1022.2000 3.1000 6.2000 45 41 2.7000 47 8.5000 8.7000 8.5000 93 92 6.4000 
54526 2025 10 9 15 1022.3000 1022.6000 1022.9000 1022.3000 2.6000 4.7000 52 23 1.6000 61 8.5000 8.5000 8.5000 91 89 3.8000 
54526 2025 10 9 18 1022.6000 1022.9000 1022.8000 1022.5000 2.8000 5.0000 348 350 2.1000 343 8.9000 8.9000 8.6000 94 93 4.8000 
54526 2025 10 9 21 1021.4000 1021.7000 1021.8000 1021.3000 1.5000 3.1000 55 58 0.8000 54 8.6000 8.6000 8.6000 92 92 6.8000 
54527 2025 10 5 0 1016.3000 1016.7000 1016.4000 1016.2000 1.9000 2.5000 222 213 1.0000 162 18.8000 18.9000 18.7000 91 88 0.0000 
54527 2025 10 5 3 1017.0000 1017.4000 1017.4000 1016.9000 1.1000 1.5000 309 312 0.4000 334 20.0000 20.0000 19.7000 87 85 0.0000 
54527 2025 10 5 6 1016.2000 1016.6000 1016.2000 1016.0000 5.4000 7.4000 96 76 1.9000 90 17.1000 17.8000 17.1000 94 92 3.0000 
54527 2025 10 5 9 1016.3000 1016.7000 1016.3000 1015.6000 3.7000 6.0000 96 105 2.3000 90 16.5000 16.7000 16.5000 90 89 1.4000 
54527 2025 10 5 12 1017.4000 1017.8000 1017.6000 1017.2000 5.3000 9.3000 87 82 4.9000 82 15.1000 15.6000 15.1000 88 86 4.4000 
54527 2025 10 5 15 1018.8000 1019.2000 1019.2000 1018.7000 2.7000 4.3000 42 49 1.9000 34 14.0000 14.6000 14.0000 92 88 4.5000 
54527 2025 10 5 18 1019.4000 1019.8000 1019.4000 1018.4000 3.2000 5.8000 42 19 1.9000 51 12.4000 13.0000 12.4000 86 84 4.0000 
54527 2025 10 5 21 1018.8000 1019.2000 1019.1000 1018.8000 3.1000 5.4000 48 67 2.5000 40 11.6000 11.8000 11.6000 85 84 4.7000 
54527 2025 10 6 0 1020.1000 1020.5000 1020.1000 1019.3000 2.0000 3.0000 357 359 2.1000 7 13.2000 13.2000 12.2000 75 74 0.0000 
54527 2025 10 6 3 1020.7000 1021.1000 1021.0000 1020.5000 3.1000 4.9000 17 6 3.3000 6 15.1000 15.1000 14.5000 56 56 0.0000 
54527 2025 10 6 6 1019.3000 1019.7000 1019.7000 1019.3000 2.8000 4.3000 357 35 1.9000 9 17.4000 17.7000 16.8000 45 44 0.0000 
54527 2025 10 6 9 1019.4000 1019.8000 1019.4000 1019.1000 1.3000 2.2000 352 164 0.8000 324 18.9000 19.7000 18.8000 43 39 0.0000 
54527 2025 10 6 12 1020.0000 1020.4000 1020.0000 1019.6000 1.0000 1.2000 203 999017 0.0000 191 12.8000 13.3000 12.8000 92 85 0.0000 
54527 2025 10 6 15 1020.6000 1021.0000 1020.7000 1020.2000 1.0000 1.3000 278 160 0.6000 265 11.8000 12.2000 11.6000 95 93 0.0000 
54527 2025 10 6 18 1020.4000 1020.8000 1020.8000 1019.9000 1.7000 2.8000 250 999017 0.0000 249 13.9000 14.1000 13.2000 80 76 0.0000 
54527 2025 10 6 21 1020.2000 1020.6000 1020.3000 1020.1000 0.7000 0.9000 17 177 0.8000 173 14.1000 14.1000 14.0000 89 81 0.0000 
54527 2025 10 7 0 1020.0000 1020.4000 1020.2000 1019.9000 0.7000 1.0000 186 153 0.8000 173 15.8000 15.8000 13.6000 79 78 0.0000 
54527 2025 10 7 3 1020.1000 1020.5000 1020.2000 1020.1000 2.3000 3.2000 225 193 1.7000 228 20.5000 20.5000 19.5000 52 51 0.0000 
54527 2025 10 7 6 1018.1000 1018.5000 1018.9000 1018.1000 1.9000 3.0000 264 313 1.3000 240 22.6000 22.8000 21.7000 46 46 0.0000 
54527 2025 10 7 9 1018.6000 1019.0000 1018.7000 1018.4000 1.4000 2.2000 270 224 1.2000 278 21.3000 22.1000 21.3000 63 53 0.0000 
54527 2025 10 7 12 1019.5000 1019.9000 1019.5000 1019.2000 0.9000 1.0000 264 350 0.8000 268 16.3000 17.8000 16.3000 87 84 0.0000 
54527 2025 10 7 15 1020.1000 1020.5000 1020.2000 1019.8000 1.4000 1.7000 245 250 1.0000 238 15.2000 16.0000 15.2000 94 94 0.0000 
54527 2025 10 7 18 1019.6000 1020.0000 1020.1000 1019.4000 0.8000 1.2000 146 132 0.3000 140 16.6000 16.6000 16.4000 95 95 0.0000 
54527 2025 10 7 21 1021.7000 1022.1000 1021.7000 1020.8000 1.3000 2.2000 73 38 1.1000 115 17.4000 17.4000 16.9000 94 93 0.9000 
54527 2025 10 8 0 1023.2000 1023.6000 1023.4000 1023.0000 6.4000 10.1000 82 89 4.6000 87 14.8000 15.0000 14.6000 67 67 1.6000 
54527 2025 10 8 3 1024.0000 1024.4000 1024.3000 1023.9000 7.1000 11.5000 68 87 5.5000 91 14.2000 14.9000 13.7000 52 51 0.0000 
54527 2025 10 8 6 1023.4000 1023.8000 1023.5000 1023.1000 5.1000 9.8000 76 49 4.5000 82 12.4000 13.4000 12.4000 58 49 0.0000 
54527 2025 10 8 9 1023.3000 1023.7000 1023.3000 1022.7000 4.9000 8.2000 20 38 2.6000 36 9.2000 9.7000 9.0000 92 89 4.7000 
54527 2025 10 8 12 1024.3000 1024.7000 1024.3000 1023.7000 5.8000 11.8000 39 44 4.8000 49 8.5000 8.8000 8.4000 93 92 11.3000 
54527 2025 10 8 15 1024.1000 1024.5000 1024.6000 1023.9000 4.6000 10.1000 48 32 4.6000 46 8.3000 8.6000 8.3000 92 91 9.3000 
54527 2025 10 8 18 1023.0000 1023.4000 1023.5000 1023.0000 4.5000 8.0000 37 37 5.4000 26 8.4000 8.4000 8.0000 94 93 8.2000 
54527 2025 10 8 21 1022.6000 1023.0000 1022.9000 1022.5000 4.1000 6.8000 3 18 3.9000 20 8.4000 8.6000 8.4000 95 94 12.0000 
54527 2025 10 9 0 1023.4000 1023.8000 1023.5000 1023.2000 3.9000 7.4000 31 27 2.7000 24 8.8000 8.8000 8.6000 95 94 8.2000 
54527 2025 10 9 3 1023.3000 1023.7000 1023.6000 1023.0000 4.6000 8.1000 68 54 3.4000 56 9.3000 9.3000 9.2000 93 93 3.8000 
54527 2025 10 9 6 1022.1000 1022.5000 1022.7000 1022.1000 4.4000 9.2000 31 26 3.9000 50 8.8000 9.0000 8.8000 93 92 6.3000 
54527 2025 10 9 9 1021.9000 1022.3000 1022.2000 1021.8000 4.0000 8.3000 42 22 3.2000 48 8.8000 8.8000 8.7000 92 91 4.7000 
54527 2025 10 9 12 1022.6000 1023.0000 1022.8000 1022.1000 3.1000 5.5000 42 31 1.9000 40 8.4000 8.5000 8.4000 94 92 8.1000 
54527 2025 10 9 15 1022.3000 1022.7000 1023.0000 1022.3000 2.6000 4.6000 25 30 2.4000 34 8.5000 8.7000 8.5000 93 91 1.1000 
54527 2025 10 9 18 1023.1000 1023.5000 1023.1000 1022.6000 2.9000 4.8000 349 347 3.1000 353 8.6000 8.6000 8.3000 96 94 1.0000 
54527 2025 10 9 21 1021.5000 1021.9000 1021.7000 1021.4000 2.0000 3.9000 79 12 1.0000 45 8.6000 8.6000 8.3000 93 92 0.8000 
54528 2025 10 5 0 1016.0000 1016.4000 1016.0000 1015.7000 1.8000 2.4000 236 252 1.2000 244 19.9000 19.9000 19.6000 90 90 0.0000 
54528 2025 10 5 3 1016.5000 1016.9000 1017.0000 1016.4000 2.1000 4.3000 31 44 3.2000 49 20.3000 20.5000 20.3000 88 86 0.0000 
54528 2025 10 5 6 1016.1000 1016.5000 1016.1000 1015.8000 4.3000 7.0000 93 105 3.4000 87 16.7000 17.7000 16.7000 95 95 4.9000 
54528 2025 10 5 9 1015.9000 1016.3000 1016.0000 1015.3000 3.5000 5.7000 124 107 2.7000 78 16.2000 16.3000 16.2000 94 92 0.4000 
54528 2025 10 5 12 1017.3000 1017.7000 1017.5000 1017.2000 3.7000 6.4000 53 88 4.1000 87 15.0000 15.6000 15.0000 90 90 2.1000 
54528 2025 10 5 15 1018.6000 1019.0000 1019.2000 1018.6000 4.9000 7.0000 53 66 3.5000 60 12.8000 13.3000 12.8000 91 89 5.3000 
54528 2025 10 5 18 1019.0000 1019.4000 1019.0000 1018.4000 3.0000 4.5000 48 44 2.4000 52 12.1000 12.4000 12.1000 92 91 5.5000 
54528 2025 10 5 21 1018.8000 1019.2000 1018.9000 1018.5000 3.2000 4.6000 87 60 1.9000 71 11.6000 11.7000 11.6000 91 89 4.3000 
54528 2025 10 6 0 1019.5000 1019.9000 1019.6000 1018.7000 1.6000 2.7000 37 59 2.0000 21 13.2000 13.2000 12.1000 78 78 0.0000 
54528 2025 10 6 3 1020.4000 1020.8000 1020.5000 1020.2000 3.3000 4.7000 20 24 3.2000 40 15.4000 15.4000 14.8000 60 56 0.0000 
54528 2025 10 6 6 1018.9000 1019.3000 1019.2000 1018.9000 2.9000 3.6000 48 283 0.6000 18 17.8000 17.8000 17.0000 47 44 0.0000 
54528 2025 10 6 9 1018.8000 1019.2000 1018.8000 1018.6000 1.9000 2.8000 42 224 1.6000 14 18.6000 19.6000 18.6000 52 44 0.0000 
54528 2025 10 6 12 1019.6000 1020.0000 1019.6000 1019.1000 1.0000 1.3000 295 296 0.6000 229 14.1000 14.9000 14.1000 87 78 0.0000 
54528 2025 10 6 15 1020.2000 1020.6000 1020.2000 1019.8000 1.2000 1.5000 233 242 0.9000 249 12.7000 13.0000 12.7000 90 88 0.0000 
54528 2025 10 6 18 1019.9000 1020.3000 1020.0000 1019.5000 2.0000 3.1000 264 256 1.0000 258 14.3000 14.7000 14.2000 79 73 0.0000 
54528 2025 10 6 21 1019.8000 1020.2000 1020.0000 1019.7000 1.3000 2.1000 270 280 0.6000 243 14.4000 14.6000 14.4000 85 82 0.0000 
54528 2025 10 7 0 1019.7000 1020.1000 1019.8000 1019.4000 1.0000 1.5000 273 254 0.9000 238 16.4000 16.4000 13.9000 72 72 0.0000 
54528 2025 10 7 3 1019.8000 1020.2000 1019.8000 1019.5000 2.3000 3.3000 222 247 1.8000 222 21.0000 21.1000 19.1000 51 50 0.0000 
54528 2025 10 7 6 1017.7000 1018.1000 1018.6000 1017.7000 2.3000 3.8000 233 209 2.1000 253 23.7000 23.9000 22.1000 47 44 0.0000 
54528 2025 10 7 9 1018.3000 1018.7000 1018.3000 1017.8000 2.1000 3.1000 245 221 1.4000 227 21.3000 22.3000 21.3000 59 53 0.0000 
54528 2025 10 7 12 1019.1000 1019.5000 1019.1000 1018.8000 1.1000 1.2000 228 242 0.9000 236 16.5000 17.4000 16.5000 92 83 0.0000 
54528 2025 10 7 15 1019.6000 1020.0000 1019.6000 1019.4000 1.5000 2.3000 262 269 1.4000 246 16.9000 16.9000 16.2000 90 90 0.0000 
54528 2025 10 7 18 1019.2000 1019.6000 1019.8000 1019.0000 1.0000 1.1000 177 226 0.7000 224 17.0000 17.1000 16.9000 94 92 0.0000 
54528 2025 10 7 21 1021.5000 1021.9000 1021.5000 1020.7000 2.9000 4.2000 70 71 2.2000 70 16.9000 17.6000 16.9000 96 92 1.7000 
54528 2025 10 8 0 1023.4000 1023.8000 1023.6000 1023.2000 4.5000 8.1000 79 86 5.1000 88 13.8000 14.0000 13.8000 64 63 2.3000 
54528 2025 10 8 3 1023.8000 1024.2000 1024.3000 1023.8000 5.5000 9.7000 87 85 4.2000 88 14.4000 14.6000 14.4000 49 47 0.0000 
54528 2025 10 8 6 1023.6000 1024.0000 1023.7000 1023.1000 3.9000 7.7000 115 72 3.1000 86 11.7000 13.8000 11.7000 70 48 0.2000 
54528 2025 10 8 9 1023.3000 1023.7000 1023.3000 1022.7000 5.8000 8.8000 68 42 4.3000 54 9.1000 9.4000 9.1000 95 93 8.3000 
54528 2025 10 8 12 1024.4000 1024.8000 1024.4000 1023.9000 4.9000 6.9000 34 37 4.7000 38 8.7000 9.0000 8.7000 97 96 10.4000 
54528 2025 10 8 15 1024.4000 1024.8000 1024.9000 1024.2000 5.5000 9.7000 68 47 4.4000 58 8.0000 8.2000 8.0000 95 95 12.7000 
54528 2025 10 8 18 1023.2000 1023.6000 1023.7000 1023.2000 4.8000 7.0000 48 53 3.8000 40 8.4000 8.4000 8.2000 97 96 9.4000 
54528 2025 10 8 21 1022.8000 1023.2000 1023.0000 1022.6000 4.4000 6.5000 28 41 4.3000 36 8.1000 8.1000 8.0000 97 97 9.1000 
54528 2025 10 9 0 1023.7000 1024.1000 1023.7000 1023.1000 4.3000 7.2000 42 42 3.1000 43 8.7000 8.7000 8.3000 97 97 8.1000 
54528 2025 10 9 3 1023.5000 1023.9000 1023.8000 1023.2000 5.7000 9.0000 56 52 5.5000 64 8.6000 8.9000 8.6000 96 95 4.0000 
54528 2025 10 9 6 1022.2000 1022.6000 1022.9000 1022.2000 4.5000 7.5000 53 48 4.3000 50 8.4000 8.6000 8.4000 97 96 12.8000 
54528 2025 10 9 9 1022.2000 1022.6000 1022.2000 1021.7000 4.7000 7.1000 48 51 3.5000 51 8.4000 8.5000 8.4000 95 95 5.0000 
54528 2025 10 9 12 1022.4000 1022.8000 1022.5000 1022.2000 4.3000 6.4000 68 58 3.6000 59 8.2000 8.2000 8.1000 97 96 8.8000 
54528 2025 10 9 15 1022.3000 1022.7000 1022.8000 1022.3000 2.8000 3.9000 53 28 2.3000 48 8.2000 8.2000 8.2000 94 94 0.8000 
54528 2025 10 9 18 1022.9000 1023.3000 1022.9000 1022.3000 3.9000 6.1000 360 9 3.3000 11 9.0000 9.0000 8.6000 95 95 2.8000 
54528 2025 10 9 21 1021.4000 1021.8000 1021.4000 1021.0000 2.9000 4.5000 68 34 2.0000 68 8.6000 8.6000 8.4000 94 94 5.7000 
54529 2025 10 5 0 1016.6000 1016.9000 1016.6000 1016.2000 2.4000 3.7000 89 84 1.9000 70 19.4000 19.6000 19.2000 100 100 0.3000 
54529 2025 10 5 3 1017.4000 1017.7000 1017.6000 1017.3000 4.9000 8.5000 68 75 2.5000 66 17.9000 18.9000 17.8000 100 100 0.7000 
54529 2025 10 5 6 1016.2000 1016.5000 1016.5000 1016.0000 4.3000 8.3000 53 58 5.7000 44 17.0000 18.1000 17.0000 95 88 0.1000 
54529 2025 10 5 9 1016.3000 1016.6000 1016.4000 1016.1000 4.6000 7.3000 92 94 4.4000 94 16.1000 16.7000 16.1000 91 89 0.3000 
54529 2025 10 5 12 1018.3000 1018.6000 1018.4000 1017.8000 2.9000 4.4000 65 52 2.1000 68 14.6000 14.7000 14.5000 100 99 2.1000 
54529 2025 10 5 15 1019.1000 1019.4000 1019.2000 1018.1000 3.2000 5.3000 5 23 1.3000 6 13.6000 14.4000 13.6000 93 88 2.6000 
54529 2025 10 5 18 1018.6000 1018.9000 1018.9000 1018.5000 2.9000 5.0000 43 43 2.5000 44 12.4000 12.8000 12.4000 97 93 4.4000 
54529 2025 10 5 21 1018.9000 1019.2000 1019.0000 1018.5000 3.0000 4.9000 19 21 2.4000 22 11.3000 12.2000 11.3000 96 93 4.2000 
54529 2025 10 6 0 1019.4000 1019.7000 1019.4000 1018.9000 2.1000 3.9000 15 352 2.0000 12 12.9000 12.9000 11.9000 77 72 0.1000 
54529 2025 10 6 3 1020.2000 1020.5000 1020.2000 1020.0000 2.5000 4.4000 4 15 2.4000 14 15.0000 15.0000 14.6000 61 59 0.0000 
54529 2025 10 6 6 1019.0000 1019.3000 1019.1000 1018.8000 2.6000 4.4000 359 347 2.2000 354 17.4000 17.7000 17.2000 49 49 0.1000 
54529 2025 10 6 9 1018.8000 1019.1000 1018.9000 1018.6000 1.6000 3.3000 315 299 1.2000 311 18.2000 19.2000 18.2000 60 47 0.0000 
54529 2025 10 6 12 1019.7000 1020.0000 1019.7000 1019.4000 1.2000 1.7000 244 282 1.0000 246 13.9000 15.2000 13.9000 97 78 0.0000 
54529 2025 10 6 15 1020.2000 1020.5000 1020.2000 1019.9000 1.1000 1.4000 243 242 1.1000 243 12.5000 13.1000 12.5000 100 100 0.0000 
54529 2025 10 6 18 1020.0000 1020.3000 1020.0000 1018.9000 1.9000 2.3000 312 301 1.9000 312 12.7000 12.9000 12.7000 100 100 0.0000 
54529 2025 10 6 21 1019.9000 1020.2000 1019.9000 1019.6000 1.5000 2.0000 330 288 1.4000 329 13.9000 13.9000 13.7000 99 98 0.0000 
54529 2025 10 7 0 1019.9000 1020.2000 1020.1000 1019.7000 1.3000 1.6000 235 290 1.2000 242 15.7000 15.7000 13.8000 88 88 0.0000 
54529 2025 10 7 3 1019.6000 1019.9000 1019.9000 1019.4000 2.5000 4.1000 304 290 1.0000 275 20.6000 20.7000 19.9000 51 49 0.0000 
54529 2025 10 7 6 1017.8000 1018.1000 1018.7000 1017.8000 3.0000 4.8000 275 231 2.5000 238 22.1000 22.4000 21.8000 52 50 0.0000 
54529 2025 10 7 9 1018.4000 1018.7000 1018.4000 1017.8000 2.3000 3.4000 245 241 1.8000 242 20.9000 22.0000 20.9000 60 51 0.0000 
54529 2025 10 7 12 1019.2000 1019.5000 1019.2000 1018.9000 1.5000 1.9000 286 279 1.4000 284 16.8000 17.9000 16.7000 94 86 0.0000 
54529 2025 10 7 15 1019.8000 1020.1000 1019.8000 1019.2000 1.0000 1.3000 192 187 1.2000 172 15.8000 15.8000 15.3000 100 96 0.0000 
54529 2025 10 7 18 1019.7000 1020.0000 1020.1000 1019.7000 1.4000 2.6000 94 91 1.9000 86 16.1000 16.2000 15.8000 100 99 0.0000 
54529 2025 10 7 21 1022.3000 1022.6000 1022.5000 1021.7000 5.9000 9.9000 117 96 5.0000 120 16.9000 18.3000 16.8000 45 42 0.0000 
54529 2025 10 8 0 1024.2000 1024.5000 1024.3000 1023.7000 4.3000 7.8000 84 82 3.7000 74 12.6000 13.1000 12.6000 64 61 1.3000 
54529 2025 10 8 3 1024.3000 1024.6000 1024.9000 1024.3000 5.3000 8.7000 71 73 5.0000 76 14.1000 14.2000 13.5000 44 43 0.1000 
54529 2025 10 8 6 1023.3000 1023.6000 1023.7000 1023.1000 4.1000 8.7000 39 44 5.5000 58 13.5000 14.5000 13.4000 50 44 0.0000 
54529 2025 10 8 9 1023.7000 1024.0000 1023.9000 1023.4000 4.5000 7.0000 27 14 2.4000 27 9.9000 9.9000 9.8000 96 89 1.4000 
54529 2025 10 8 12 1024.7000 1025.0000 1024.8000 1023.4000 3.6000 6.2000 34 49 2.7000 29 8.7000 9.0000 8.7000 100 97 3.1000 
54529 2025 10 8 15 1024.2000 1024.5000 1025.1000 1024.2000 4.2000 6.6000 14 41 3.6000 30 8.5000 8.5000 8.4000 100 100 6.5000 
54529 2025 10 8 18 1023.6000 1023.9000 1024.1000 1023.6000 4.8000 8.1000 42 32 3.6000 42 8.2000 8.2000 8.1000 100 100 4.4000 
54529 2025 10 8 21 1023.1000 1023.4000 1023.1000 1022.6000 4.1000 6.7000 27 32 3.1000 26 8.0000 8.0000 7.9000 100 100 10.4000 
54529 2025 10 9 0 1024.2000 1024.5000 1024.2000 1023.8000 4.9000 8.0000 56 45 5.4000 49 8.3000 8.5000 8.3000 100 100 10.3000 
54529 2025 10 9 3 1023.7000 1024.0000 1024.2000 1023.7000 6.5000 10.2000 56 57 5.6000 56 8.2000 8.3000 8.1000 100 100 5.5000 
54529 2025 10 9 6 1022.7000 1023.0000 1023.1000 1022.7000 5.7000 8.8000 46 34 5.0000 46 8.1000 8.3000 7.8000 100 100 9.5000 
54529 2025 10 9 9 1022.3000 1022.6000 1022.6000 1021.8000 4.0000 6.5000 37 50 3.3000 36 8.3000 8.3000 8.2000 100 100 6.7000 
54529 2025 10 9 12 1022.5000 1022.8000 1023.1000 1022.4000 3.6000 5.9000 54 54 3.7000 46 7.8000 8.1000 0.0000 100 100 7.8000 
54529 2025 10 9 15 1022.3000 1022.6000 1022.6000 1022.3000 1.7000 2.4000 14 336 1.7000 324 8.3000 8.3000 8.0000 100 100 1.6000 
54529 2025 10 9 18 1022.6000 1022.9000 1022.7000 1022.2000 3.0000 4.6000 338 329 2.6000 334 8.9000 0.0000 8.7000 100 100 0.7000 
54529 2025 10 9 21 1020.9000 1021.2000 1021.7000 1020.8000 2.6000 4.7000 25 40 2.4000 31 9.0000 9.1000 9.0000 100 99 5.2000 
54530 2025 10 5 0 1016.6000 1016.7000 1016.6000 1016.1000 1.2000 1.7000 284 307 0.5000 277 19.5000 19.8000 19.5000 94 93 1.1000 
54530 2025 10 5 3 1017.4000 1017.5000 1017.5000 1017.2000 3.0000 6.7000 93 82 3.3000 92 17.6000 19.3000 17.6000 91 90 5.7000 
54530 2025 10 5 6 1016.1000 1016.2000 1016.4000 1015.9000 2.4000 5.7000 34 45 1.9000 80 18.4000 18.4000 18.2000 74 71 0.3000 
54530 2025 10 5 9 1016.4000 1016.5000 1016.4000 1016.1000 2.7000 6.0000 135 90 2.1000 92 16.0000 16.5000 16.0000 87 81 1.3000 
54530 2025 10 5 12 1018.0000 1018.1000 1018.1000 1017.7000 4.0000 7.0000 68 67 3.3000 74 15.5000 15.6000 15.4000 82 82 2.7000 
54530 2025 10 5 15 1019.0000 1019.1000 1019.3000 1018.1000 2.3000 4.0000 357 20 1.0000 65 14.4000 15.1000 14.4000 88 76 2.4000 
54530 2025 10 5 18 1018.5000 1018.6000 1018.7000 1018.3000 3.3000 6.4000 23 49 3.3000 35 12.3000 12.8000 12.3000 79 78 4.1000 
54530 2025 10 5 21 1018.8000 1018.9000 1019.0000 1018.5000 2.2000 5.1000 42 30 2.0000 48 11.4000 11.4000 11.2000 86 84 5.8000 
54530 2025 10 6 0 1019.5000 1019.6000 1019.5000 1018.9000 2.1000 3.9000 42 18 2.2000 22 13.1000 13.1000 11.9000 67 67 0.2000 
54530 2025 10 6 3 1020.1000 1020.2000 1020.3000 1019.9000 2.6000 4.3000 20 350 2.5000 3 15.2000 15.2000 14.7000 59 58 0.0000 
54530 2025 10 6 6 1019.1000 1019.2000 1019.2000 1018.9000 2.2000 4.1000 346 286 1.0000 343 17.8000 17.8000 17.4000 49 46 0.0000 
54530 2025 10 6 9 1018.8000 1018.9000 1019.0000 1018.8000 2.0000 3.7000 340 328 1.7000 317 18.4000 19.2000 18.4000 51 48 0.0000 
54530 2025 10 6 12 1019.8000 1019.9000 1019.8000 1019.4000 1.1000 1.6000 278 282 0.6000 273 14.1000 15.2000 14.1000 83 73 0.0000 
54530 2025 10 6 15 1020.3000 1020.4000 1020.3000 1020.0000 0.8000 1.0000 253 284 0.5000 356 12.9000 13.2000 12.9000 91 89 0.0000 
54530 2025 10 6 18 1020.2000 1020.3000 1020.2000 1018.8000 1.9000 3.2000 323 300 1.1000 327 14.5000 14.5000 12.7000 78 78 0.0000 
54530 2025 10 6 21 1020.1000 1020.2000 1020.1000 1019.7000 1.4000 2.5000 287 280 1.2000 273 14.8000 14.9000 14.8000 82 77 0.0000 
54530 2025 10 7 0 1020.2000 1020.3000 1020.2000 1019.8000 1.4000 2.0000 287 269 1.5000 275 15.9000 15.9000 14.7000 78 78 0.0000 
54530 2025 10 7 3 1019.8000 1019.9000 1019.9000 1019.6000 2.1000 4.0000 256 298 1.9000 258 21.0000 21.2000 20.3000 50 48 0.0000 
54530 2025 10 7 6 1018.0000 1018.1000 1018.8000 1018.0000 2.4000 3.8000 256 254 1.2000 228 22.8000 22.8000 22.1000 50 48 0.0000 
54530 2025 10 7 9 1018.6000 1018.7000 1018.6000 1018.0000 1.5000 2.1000 259 329 0.8000 267 21.4000 22.3000 21.4000 58 52 0.0000 
54530 2025 10 7 12 1019.4000 1019.5000 1019.4000 1019.1000 1.0000 1.2000 267 277 0.9000 275 17.3000 18.4000 17.3000 83 77 0.0000 
54530 2025 10 7 15 1019.8000 1019.9000 1019.8000 1019.3000 1.2000 1.7000 248 312 0.7000 251 16.6000 16.6000 16.1000 88 83 0.0000 
54530 2025 10 7 18 1019.8000 1019.9000 1019.9000 1019.6000 1.2000 1.6000 264 93 0.8000 271 17.1000 17.2000 16.8000 88 86 0.0000 
54530 2025 10 7 21 1022.2000 1022.3000 1022.5000 1021.8000 3.7000 9.1000 68 82 3.7000 88 18.1000 19.1000 18.1000 51 49 0.0000 
54530 2025 10 8 0 1024.2000 1024.3000 1024.2000 1023.6000 5.6000 12.2000 65 76 4.6000 82 15.4000 15.4000 15.0000 44 43 0.9000 
54530 2025 10 8 3 1024.1000 1024.2000 1024.9000 1024.1000 4.9000 10.5000 65 84 3.7000 84 15.0000 15.0000 14.4000 41 40 0.0000 
54530 2025 10 8 6 1023.1000 1023.2000 1023.6000 1023.1000 4.0000 8.2000 20 45 2.7000 62 13.1000 14.7000 13.1000 54 40 0.0000 
54530 2025 10 8 9 1023.2000 1023.3000 1023.7000 1023.1000 3.7000 7.0000 37 55 2.4000 26 9.8000 10.3000 9.8000 82 82 1.3000 
54530 2025 10 8 12 1024.4000 1024.5000 1024.5000 1023.3000 4.1000 7.9000 31 44 2.9000 35 8.8000 9.2000 8.8000 89 84 3.3000 
54530 2025 10 8 15 1023.9000 1024.0000 1024.9000 1023.9000 3.5000 7.4000 31 50 2.0000 41 8.5000 8.5000 8.2000 91 91 11.3000 
54530 2025 10 8 18 1023.2000 1023.3000 1023.6000 1023.2000 3.8000 8.1000 53 40 3.2000 49 8.1000 8.2000 8.1000 93 92 8.1000 
54530 2025 10 8 21 1023.0000 1023.1000 1023.0000 1022.4000 3.2000 6.8000 25 32 2.9000 36 8.2000 8.2000 7.9000 94 94 9.4000 
54530 2025 10 9 0 1023.8000 1023.9000 1024.0000 1023.5000 4.5000 8.3000 53 56 3.9000 58 8.4000 8.5000 8.3000 94 94 10.0000 
54530 2025 10 9 3 1023.3000 1023.4000 1023.9000 1023.3000 4.3000 9.0000 48 70 3.1000 61 8.4000 8.5000 8.3000 93 93 5.2000 
54530 2025 10 9 6 1022.3000 1022.4000 1022.7000 1022.3000 3.7000 8.2000 28 44 3.3000 31 8.3000 8.5000 8.3000 94 93 8.6000 
54530 2025 10 9 9 1022.0000 1022.1000 1022.4000 1021.9000 4.1000 8.6000 59 61 4.4000 41 8.4000 8.4000 8.2000 91 91 4.9000 
54530 2025 10 9 12 1022.2000 1022.3000 1023.0000 1022.2000 2.9000 5.8000 42 57 2.7000 60 8.0000 8.2000 8.0000 93 93 5.7000 
54530 2025 10 9 15 1022.2000 1022.3000 1022.7000 1022.2000 2.1000 4.0000 3 19 1.7000 11 8.6000 8.6000 8.5000 92 87 2.8000 
54530 2025 10 9 18 1022.4000 1022.5000 1022.7000 1022.0000 2.6000 4.4000 315 15 2.0000 348 9.0000 9.0000 8.7000 93 92 1.7000 
54530 2025 10 9 21 1021.0000 1021.1000 1021.9000 1020.9000 1.6000 3.3000 37 44 1.5000 30 8.9000 8.9000 8.8000 89 89 6.6000 
54619 2025 10 5 0 1016.2000 1016.6000 1016.3000 1015.9000 1.7000 2.4000 20 59 1.1000 30 19.2000 19.5000 19.1000 91 88 0.0000 
54619 2025 10 5 3 1016.7000 1017.1000 1017.1000 1016.7000 1.6000 2.6000 34 24 1.7000 27 19.4000 19.7000 19.4000 93 89 0.3000 
54619 2025 10 5 6 1015.8000 1016.2000 1015.9000 1015.5000 2.8000 4.9000 87 69 2.4000 79 18.0000 19.4000 18.0000 93 93 1.6000 
54619 2025 10 5 9 1016.1000 1016.5000 1016.1000 1015.4000 2.7000 4.5000 76 84 2.5000 71 16.6000 16.7000 16.5000 91 91 1.7000 
54619 2025 10 5 12 1017.0000 1017.4000 1017.1000 1016.8000 3.1000 7.2000 79 73 2.3000 74 15.4000 15.7000 15.4000 91 90 3.9000 
54619 2025 10 5 15 1018.6000 1019.0000 1018.9000 1018.4000 3.0000 6.0000 39 69 3.3000 37 14.3000 14.8000 14.3000 92 89 6.3000 
54619 2025 10 5 18 1018.9000 1019.3000 1019.0000 1018.0000 3.7000 6.6000 357 29 2.5000 27 13.0000 13.4000 13.0000 89 85 2.3000 
54619 2025 10 5 21 1018.7000 1019.1000 1018.8000 1018.5000 3.0000 6.1000 42 36 2.3000 25 11.7000 11.9000 11.7000 89 89 5.1000 
54619 2025 10 6 0 1019.9000 1020.3000 1020.0000 1019.2000 1.9000 3.4000 25 352 1.8000 21 13.0000 13.0000 12.2000 74 74 0.2000 
54619 2025 10 6 3 1020.5000 1020.9000 1020.8000 1020.3000 2.7000 4.6000 20 28 1.7000 20 15.2000 15.2000 14.5000 62 61 0.0000 
54619 2025 10 6 6 1019.3000 1019.7000 1019.7000 1019.3000 2.4000 4.1000 25 56 2.4000 27 17.7000 17.7000 17.1000 46 44 0.0000 
54619 2025 10 6 9 1019.3000 1019.7000 1019.4000 1019.1000 1.1000 2.3000 146 172 1.6000 348 19.2000 20.1000 19.2000 43 40 0.0000 
54619 2025 10 6 12 1020.1000 1020.5000 1020.1000 1019.6000 0.7000 0.8000 222 203 0.6000 212 14.1000 15.2000 14.1000 78 68 0.0000 
54619 2025 10 6 15 1020.6000 1021.0000 1020.7000 1020.4000 0.7000 0.9000 200 165 0.6000 210 12.8000 13.3000 12.7000 84 84 0.0000 
54619 2025 10 6 18 1020.5000 1020.9000 1020.5000 1019.9000 1.3000 1.9000 287 264 1.3000 274 13.9000 13.9000 13.7000 80 77 0.0000 
54619 2025 10 6 21 1020.2000 1020.6000 1020.3000 1019.9000 0.9000 1.5000 298 999017 0.2000 304 14.3000 14.3000 14.1000 81 80 0.0000 
54619 2025 10 7 0 1020.2000 1020.6000 1020.2000 1019.9000 1.4000 1.8000 200 193 1.4000 212 15.6000 15.6000 14.5000 81 80 0.0000 
54619 2025 10 7 3 1020.2000 1020.6000 1020.3000 1020.0000 1.9000 3.5000 172 243 1.3000 228 21.0000 21.0000 19.4000 52 50 0.0000 
54619 2025 10 7 6 1018.2000 1018.6000 1018.9000 1018.2000 1.7000 3.1000 242 256 1.7000 259 23.2000 23.5000 22.1000 49 47 0.0000 
54619 2025 10 7 9 1018.5000 1018.9000 1018.7000 1018.3000 1.7000 2.8000 236 271 0.9000 243 21.7000 22.3000 21.7000 61 54 0.0000 
54619 2025 10 7 12 1019.4000 1019.8000 1019.5000 1019.2000 0.6000 1.2000 222 315 0.3000 186 18.5000 19.6000 18.5000 81 72 0.0000 
54619 2025 10 7 15 1020.1000 1020.5000 1020.2000 1019.7000 1.0000 1.7000 233 268 0.9000 233 17.4000 17.9000 17.3000 88 86 0.0000 
54619 2025 10 7 18 1019.6000 1020.0000 1020.2000 1019.2000 1.1000 1.6000 129 198 1.0000 216 17.5000 17.6000 17.5000 89 87 0.0000 
54619 2025 10 7 21 1021.3000 1021.7000 1021.3000 1020.5000 1.7000 2.6000 3 31 1.3000 9 17.7000 17.8000 17.4000 92 91 1.1000 
54619 2025 10 8 0 1022.7000 1023.1000 1022.9000 1022.3000 3.3000 6.4000 76 74 2.8000 79 15.5000 16.5000 15.5000 76 75 1.2000 
54619 2025 10 8 3 1023.7000 1024.1000 1024.0000 1023.5000 2.9000 6.0000 65 82 2.3000 79 13.2000 14.4000 13.2000 76 71 1.4000 
54619 2025 10 8 6 1022.9000 1023.3000 1023.2000 1022.7000 3.6000 7.8000 76 80 2.9000 78 12.0000 12.4000 12.0000 70 66 1.1000 
54619 2025 10 8 9 1022.5000 1022.9000 1022.8000 1022.2000 3.8000 6.8000 84 38 3.1000 31 9.5000 10.0000 9.5000 92 83 5.1000 
54619 2025 10 8 12 1023.8000 1024.2000 1023.8000 1023.2000 4.4000 8.7000 56 33 4.1000 27 8.9000 9.0000 8.9000 93 93 7.3000 
54619 2025 10 8 15 1023.4000 1023.8000 1023.9000 1023.3000 4.3000 9.3000 39 62 3.2000 36 8.6000 8.7000 8.6000 92 92 7.3000 
54619 2025 10 8 18 1022.6000 1023.0000 1022.8000 1022.4000 5.4000 9.7000 65 19 4.1000 29 8.4000 8.4000 8.3000 94 92 4.7000 
54619 2025 10 8 21 1022.2000 1022.6000 1022.2000 1022.0000 5.8000 10.3000 25 29 5.3000 25 8.7000 8.7000 8.6000 94 94 5.0000 
54619 2025 10 9 0 1022.9000 1023.3000 1022.9000 1022.6000 5.1000 8.9000 28 33 3.6000 20 8.9000 9.0000 8.7000 95 94 5.9000 
54619 2025 10 9 3 1022.7000 1023.1000 1023.0000 1022.6000 3.5000 7.4000 31 33 2.2000 37 9.5000 9.5000 9.3000 94 94 6.0000 
54619 2025 10 9 6 1021.8000 1022.2000 1022.3000 1021.7000 4.5000 7.9000 68 41 3.7000 31 9.2000 9.3000 9.1000 93 92 5.2000 
54619 2025 10 9 9 1021.6000 1022.0000 1021.7000 1021.4000 3.9000 9.1000 62 56 1.5000 30 9.0000 9.0000 8.8000 92 90 3.7000 
54619 2025 10 9 12 1022.4000 1022.8000 1022.4000 1021.8000 3.3000 6.3000 17 30 2.7000 36 8.8000 8.9000 8.8000 93 93 7.0000 
54619 2025 10 9 15 1022.2000 1022.6000 1022.6000 1022.1000 3.0000 6.3000 20 37 1.5000 30 8.6000 8.8000 8.6000 92 92 6.2000 
54619 2025 10 9 18 1022.7000 1023.1000 1022.8000 1022.2000 2.9000 5.8000 349 345 2.1000 360 8.6000 8.6000 8.5000 94 93 7.3000 
54619 2025 10 9 21 1021.3000 1021.7000 1021.5000 1021.2000 2.7000 5.6000 87 62 1.7000 34 8.6000 8.6000 8.5000 92 91 3.1000 
54622 2025 10 5 0 1016.4000 1016.7000 1016.6000 1016.2000 1.9000 3.2000 273 309 1.0000 278 18.8000 18.8000 18.6000 95 94 0.9000 
54622 2025 10 5 3 1017.0000 1017.3000 1017.3000 1016.8000 2.3000 3.7000 69 94 2.4000 83 19.3000 19.4000 19.3000 96 95 3.5000 
54622 2025 10 5 6 1016.1000 1016.4000 1016.3000 1015.8000 2.9000 5.0000 70 40 2.3000 67 17.1000 17.2000 16.9000 93 93 2.1000 
54622 2025 10 5 9 1016.2000 1016.5000 1016.2000 1015.9000 4.5000 7.6000 66 82 3.1000 71 15.4000 15.7000 15.4000 93 90 1.7000 
54622 2025 10 5 12 1017.5000 1017.8000 1017.6000 1017.2000 3.3000 5.9000 57 53 3.3000 51 15.1000 15.2000 15.1000 92 91 5.3000 
54622 2025 10 5 15 1018.9000 1019.2000 1019.0000 1018.1000 3.4000 5.6000 47 45 3.2000 49 14.0000 14.7000 14.0000 90 89 5.0000 
54622 2025 10 5 18 1018.3000 1018.6000 1018.4000 1018.0000 3.4000 7.0000 40 35 4.3000 62 12.8000 12.8000 12.6000 89 87 3.9000 
54622 2025 10 5 21 1018.8000 1019.1000 1018.9000 1018.5000 3.8000 7.8000 46 46 3.5000 51 11.3000 11.3000 11.1000 89 88 5.6000 
54622 2025 10 6 0 1019.7000 1020.0000 1019.7000 1019.1000 2.8000 4.8000 41 58 2.3000 47 12.6000 12.6000 11.8000 76 76 0.7000 
54622 2025 10 6 3 1020.4000 1020.7000 1020.8000 1020.1000 2.5000 5.3000 359 21 1.8000 5 14.9000 14.9000 14.4000 58 58 0.0000 
54622 2025 10 6 6 1019.4000 1019.7000 1019.7000 1019.2000 2.6000 5.3000 355 29 1.4000 13 17.2000 17.3000 16.4000 49 47 0.0000 
54622 2025 10 6 9 1019.5000 1019.8000 1019.5000 1019.1000 1.6000 2.6000 327 330 0.7000 31 18.8000 19.2000 18.4000 42 40 0.0000 
54622 2025 10 6 12 1020.0000 1020.3000 1020.1000 1019.8000 1.0000 1.5000 234 999017 0.1000 231 12.9000 13.8000 12.9000 82 76 0.0000 
54622 2025 10 6 15 1020.8000 1021.1000 1020.8000 1020.3000 1.6000 1.9000 215 295 0.8000 214 12.0000 12.4000 11.9000 90 89 0.0000 
54622 2025 10 6 18 1020.8000 1021.1000 1020.8000 1019.4000 2.4000 3.5000 291 298 2.5000 286 14.1000 14.1000 12.5000 83 82 0.0000 
54622 2025 10 6 21 1020.2000 1020.5000 1020.4000 1020.0000 1.3000 1.9000 309 285 1.0000 300 14.8000 14.8000 14.5000 77 77 0.0000 
54622 2025 10 7 0 1020.2000 1020.5000 1020.3000 1020.0000 1.1000 1.5000 297 190 1.1000 292 16.3000 16.3000 14.6000 72 72 0.0000 
54622 2025 10 7 3 1020.1000 1020.4000 1020.4000 1020.0000 2.4000 4.8000 308 251 2.1000 283 20.9000 21.4000 19.8000 53 52 0.0000 
54622 2025 10 7 6 1018.3000 1018.6000 1019.0000 1018.3000 2.5000 4.6000 298 283 1.6000 284 22.1000 22.5000 21.5000 51 49 0.0000 
54622 2025 10 7 9 1018.9000 1019.2000 1018.9000 1018.4000 2.0000 2.6000 275 235 0.9000 279 21.2000 21.8000 21.2000 62 55 0.0000 
54622 2025 10 7 12 1019.5000 1019.8000 1019.5000 1019.3000 1.4000 1.8000 246 999017 0.0000 249 17.7000 19.0000 17.7000 82 75 0.0000 
54622 2025 10 7 15 1020.0000 1020.3000 1020.1000 1019.8000 1.7000 2.5000 264 254 1.4000 260 17.9000 17.9000 17.1000 85 84 0.0000 
54622 2025 10 7 18 1019.6000 1019.9000 1020.2000 1019.5000 1.7000 2.4000 276 222 1.4000 276 17.6000 18.3000 17.6000 90 86 0.0000 
54622 2025 10 7 21 1021.6000 1021.9000 1021.7000 1021.2000 2.5000 4.6000 69 71 2.8000 66 17.7000 17.7000 17.5000 89 89 0.0000 
54622 2025 10 8 0 1023.5000 1023.8000 1023.6000 1023.0000 5.5000 9.9000 91 83 5.9000 89 15.6000 15.6000 14.9000 65 65 1.6000 
54622 2025 10 8 3 1024.0000 1024.3000 1024.3000 1023.9000 8.0000 13.8000 89 94 6.7000 89 13.7000 14.6000 13.7000 64 55 0.2000 
54622 2025 10 8 6 1023.2000 1023.5000 1023.2000 1022.9000 6.3000 11.6000 76 70 3.8000 84 11.9000 13.0000 11.8000 70 65 0.8000 
54622 2025 10 8 9 1022.4000 1022.7000 1022.8000 1022.3000 5.5000 9.4000 50 48 4.3000 47 9.9000 10.7000 9.9000 90 82 1.3000 
54622 2025 10 8 12 1023.6000 1023.9000 1023.7000 1022.8000 5.6000 10.3000 47 49 6.3000 49 8.8000 9.2000 8.8000 92 92 7.1000 
54622 2025 10 8 15 1023.4000 1023.7000 1024.1000 1023.3000 6.8000 11.5000 52 58 4.8000 48 8.0000 8.3000 8.0000 93 93 8.3000 
54622 2025 10 8 18 1022.6000 1022.9000 1023.0000 1022.5000 5.9000 10.3000 48 61 4.0000 46 8.4000 8.5000 8.3000 95 94 7.6000 
54622 2025 10 8 21 1022.3000 1022.6000 1022.3000 1022.0000 5.4000 10.7000 36 42 4.5000 38 8.5000 8.5000 8.4000 95 95 7.6000 
54622 2025 10 9 0 1023.2000 1023.5000 1023.3000 1022.9000 5.2000 9.3000 45 50 5.2000 46 8.8000 8.8000 8.7000 95 95 7.0000 
54622 2025 10 9 3 1022.9000 1023.2000 1023.4000 1022.8000 5.7000 10.3000 59 55 4.6000 55 8.9000 9.1000 8.9000 94 94 5.3000 
54622 2025 10 9 6 1022.0000 1022.3000 1022.2000 1022.0000 5.1000 9.0000 61 41 4.0000 47 9.0000 9.0000 8.9000 95 94 6.2000 
54622 2025 10 9 9 1021.8000 1022.1000 1022.0000 1021.5000 5.3000 9.3000 54 51 3.8000 51 8.4000 8.5000 8.4000 93 93 5.6000 
54622 2025 10 9 12 1022.2000 1022.5000 1022.5000 1021.9000 4.1000 7.7000 49 37 3.3000 49 8.4000 8.6000 8.4000 94 93 5.0000 
54622 2025 10 9 15 1021.8000 1022.1000 1022.6000 1021.8000 3.9000 6.8000 51 52 3.8000 47 8.2000 8.4000 8.2000 93 93 5.9000 
54622 2025 10 9 18 1022.4000 1022.7000 1022.4000 1022.0000 3.6000 7.5000 346 357 3.1000 355 8.6000 8.6000 8.4000 94 93 7.8000 
54622 2025 10 9 21 1021.2000 1021.5000 1021.7000 1021.1000 2.9000 5.6000 72 58 2.3000 71 8.5000 8.6000 8.4000 92 91 3.7000 
54623 2025 10 5 0 1016.1000 1016.6000 1016.1000 1015.8000 1.6000 1.8000 290 999017 0.0000 278 19.3000 19.4000 19.3000 97 95 1.0000 
54623 2025 10 5 3 1016.9000 1017.4000 1017.1000 1016.8000 7.8000 11.6000 70 78 3.9000 71 17.3000 18.8000 17.3000 94 92 4.7000 
54623 2025 10 5 6 1015.6000 1016.1000 1015.8000 1015.5000 4.7000 7.9000 73 67 4.3000 60 17.6000 17.8000 17.5000 79 76 0.3000 
54623 2025 10 5 9 1015.9000 1016.4000 1016.0000 1015.7000 5.3000 10.0000 101 89 6.4000 88 15.5000 15.7000 15.4000 91 89 2.4000 
54623 2025 10 5 12 1017.6000 1018.1000 1017.6000 1017.2000 5.6000 8.7000 51 64 4.5000 59 14.9000 15.0000 14.7000 90 90 3.7000 
54623 2025 10 5 15 1018.6000 1019.1000 1018.7000 1017.6000 4.5000 8.5000 31 63 3.6000 58 13.7000 14.7000 13.7000 82 78 2.8000 
54623 2025 10 5 18 1018.1000 1018.6000 1018.1000 1017.8000 4.7000 6.9000 37 29 3.5000 37 12.3000 12.9000 12.3000 85 82 3.1000 
54623 2025 10 5 21 1018.3000 1018.8000 1018.4000 1018.1000 5.6000 8.3000 25 33 3.0000 43 11.0000 11.0000 10.8000 90 82 4.9000 
54623 2025 10 6 0 1019.0000 1019.5000 1019.0000 1018.5000 2.1000 2.9000 3 7 2.1000 30 12.7000 12.7000 11.8000 75 75 0.3000 
54623 2025 10 6 3 1019.7000 1020.2000 1020.0000 1019.5000 3.4000 5.4000 17 9 2.9000 2 15.0000 15.0000 14.5000 57 56 0.0000 
54623 2025 10 6 6 1018.8000 1019.3000 1019.0000 1018.6000 3.1000 4.5000 354 322 1.8000 326 17.2000 17.2000 16.5000 48 46 0.0000 
54623 2025 10 6 9 1018.6000 1019.1000 1018.7000 1018.4000 2.9000 4.3000 335 329 1.7000 338 18.2000 18.3000 18.0000 54 51 0.0000 
54623 2025 10 6 12 1019.5000 1020.0000 1019.5000 1019.1000 0.7000 1.1000 284 999017 0.0000 280 14.1000 15.0000 14.1000 85 78 0.0000 
54623 2025 10 6 15 1019.9000 1020.4000 1020.0000 1019.6000 0.0000 0.0000 999017 999017 0.0000 999017 13.8000 14.3000 13.6000 91 84 0.0000 
54623 2025 10 6 18 1019.8000 1020.3000 1019.8000 1018.4000 2.2000 3.6000 295 293 2.2000 300 14.6000 14.6000 13.1000 80 78 0.0000 
54623 2025 10 6 21 1019.7000 1020.2000 1019.8000 1019.4000 1.9000 2.6000 295 292 1.7000 288 15.0000 15.0000 14.7000 78 76 0.0000 
54623 2025 10 7 0 1019.8000 1020.3000 1019.8000 1019.5000 1.7000 2.3000 295 309 0.7000 287 15.6000 15.6000 15.1000 78 77 0.0000 
54623 2025 10 7 3 1019.4000 1019.9000 1019.7000 1019.3000 2.5000 3.8000 239 278 2.1000 258 20.3000 20.7000 19.1000 53 50 0.0000 
54623 2025 10 7 6 1017.6000 1018.1000 1018.6000 1017.6000 3.1000 4.6000 290 295 2.3000 292 22.6000 22.6000 21.7000 54 53 0.0000 
54623 2025 10 7 9 1018.2000 1018.7000 1018.2000 1017.7000 2.0000 2.6000 143 196 1.3000 145 20.6000 21.1000 20.6000 68 62 0.0000 
54623 2025 10 7 12 1019.0000 1019.5000 1019.0000 1018.7000 1.4000 1.6000 259 279 1.1000 252 18.0000 18.9000 18.0000 84 82 0.0000 
54623 2025 10 7 15 1019.4000 1019.9000 1019.5000 1019.0000 1.7000 2.0000 214 253 1.3000 253 17.1000 17.1000 16.9000 90 90 0.0000 
54623 2025 10 7 18 1019.4000 1019.9000 1019.6000 1019.2000 1.3000 1.9000 253 999017 0.0000 260 16.9000 17.0000 16.6000 94 93 0.0000 
54623 2025 10 7 21 1021.7000 1022.2000 1022.2000 1021.2000 6.9000 11.2000 84 80 7.4000 90 18.0000 18.8000 18.0000 55 52 0.0000 
54623 2025 10 8 0 1023.7000 1024.2000 1023.7000 1023.0000 9.3000 16.5000 84 78 9.0000 84 15.7000 15.7000 15.0000 44 43 0.4000 
54623 2025 10 8 3 1023.6000 1024.1000 1024.4000 1023.6000 9.5000 16.4000 90 83 9.3000 89 14.9000 15.2000 14.9000 41 40 0.0000 
54623 2025 10 8 6 1022.7000 1023.2000 1023.2000 1022.6000 7.7000 12.6000 62 49 5.3000 65 13.3000 14.1000 13.0000 51 40 0.0000 
54623 2025 10 8 9 1022.6000 1023.1000 1023.1000 1022.5000 6.8000 10.0000 42 46 6.6000 44 9.5000 10.2000 9.5000 86 85 1.5000 
54623 2025 10 8 12 1023.9000 1024.5000 1024.1000 1022.5000 8.5000 13.4000 65 48 7.1000 48 8.7000 9.3000 8.7000 84 81 1.9000 
54623 2025 10 8 15 1023.7000 1024.3000 1024.2000 1023.6000 7.2000 10.5000 39 39 6.3000 37 8.5000 8.5000 8.0000 94 92 9.6000 
54623 2025 10 8 18 1022.6000 1023.2000 1022.9000 1022.6000 8.7000 13.3000 53 49 6.5000 42 7.9000 8.1000 7.9000 93 93 3.6000 
54623 2025 10 8 21 1022.4000 1023.0000 1022.4000 1021.9000 6.2000 9.4000 20 33 7.2000 36 8.0000 8.0000 7.9000 97 96 8.8000 
54623 2025 10 9 0 1023.3000 1023.9000 1023.4000 1022.8000 7.1000 10.2000 37 50 5.3000 42 8.5000 8.5000 8.3000 96 96 7.9000 
54623 2025 10 9 3 1022.9000 1023.5000 1023.4000 1022.9000 7.9000 11.3000 42 46 6.0000 45 8.5000 8.5000 8.3000 95 95 5.2000 
54623 2025 10 9 6 1021.9000 1022.5000 1022.1000 1021.8000 7.2000 10.1000 42 28 6.5000 45 8.4000 8.6000 8.3000 96 95 4.7000 
54623 2025 10 9 9 1021.4000 1022.0000 1021.9000 1021.4000 6.6000 10.3000 59 44 7.8000 39 8.1000 8.2000 7.9000 94 94 6.9000 
54623 2025 10 9 12 1021.7000 1022.3000 1022.5000 1021.7000 5.5000 8.8000 51 50 5.9000 45 8.0000 8.1000 8.0000 94 93 4.5000 
54623 2025 10 9 15 1021.7000 1022.3000 1022.1000 1021.7000 4.3000 6.4000 56 18 2.7000 57 8.3000 8.4000 8.3000 92 89 3.4000 
54623 2025 10 9 18 1022.0000 1022.6000 1022.2000 1021.6000 3.7000 5.8000 323 347 3.3000 327 8.6000 8.6000 8.5000 95 94 3.7000 
54623 2025 10 9 21 1020.6000 1021.2000 1021.6000 1020.5000 2.0000 3.1000 37 42 2.2000 33 8.5000 8.5000 8.4000 94 92 6.3000 
54645 2025 10 5 0 1016.4000 1016.7000 1016.4000 1015.9000 1.7000 2.9000 318 313 1.3000 318 18.9000 19.5000 18.9000 93 91 0.3000 
54645 2025 10 5 3 1016.6000 1016.9000 1017.0000 1016.4000 1.4000 2.1000 11 25 1.4000 4 19.8000 19.8000 19.6000 95 94 1.7000 
54645 2025 10 5 6 1015.5000 1015.8000 1015.7000 1015.1000 3.4000 5.8000 45 54 3.3000 57 18.5000 18.5000 18.0000 78 78 1.7000 
54645 2025 10 5 9 1015.8000 1016.1000 1015.8000 1015.4000 4.0000 7.6000 45 63 3.6000 49 16.0000 16.0000 15.8000 91 90 1.1000 
54645 2025 10 5 12 1017.0000 1017.3000 1017.1000 1016.7000 3.8000 7.9000 42 70 2.3000 49 15.6000 15.6000 15.5000 90 90 5.9000 
54645 2025 10 5 15 1018.3000 1018.6000 1018.4000 1017.4000 4.4000 8.8000 82 46 2.5000 74 14.1000 15.3000 14.1000 88 79 4.1000 
54645 2025 10 5 18 1017.7000 1018.0000 1017.9000 1017.4000 3.9000 10.4000 53 23 2.2000 54 12.6000 12.8000 12.5000 86 83 3.7000 
54645 2025 10 5 21 1018.3000 1018.6000 1018.4000 1018.1000 4.1000 7.3000 31 34 4.3000 31 10.9000 11.0000 10.9000 88 88 6.6000 
54645 2025 10 6 0 1019.2000 1019.5000 1019.3000 1018.7000 2.7000 5.0000 17 18 1.2000 30 12.3000 12.3000 11.5000 82 80 0.5000 
54645 2025 10 6 3 1019.8000 1020.1000 1020.2000 1019.8000 3.4000 5.7000 357 59 2.6000 5 14.9000 14.9000 14.2000 61 60 0.0000 
54645 2025 10 6 6 1019.1000 1019.4000 1019.4000 1018.9000 2.6000 4.5000 360 26 1.6000 26 16.9000 16.9000 16.1000 53 49 0.0000 
54645 2025 10 6 9 1019.2000 1019.5000 1019.3000 1018.8000 1.5000 2.9000 360 290 1.0000 4 18.3000 18.8000 18.2000 48 43 0.0000 
54645 2025 10 6 12 1019.8000 1020.1000 1019.8000 1019.6000 0.8000 1.1000 191 206 0.5000 254 12.3000 12.9000 12.3000 84 81 0.0000 
54645 2025 10 6 15 1020.4000 1020.7000 1020.5000 1020.0000 0.8000 1.3000 264 273 0.7000 260 11.6000 11.7000 11.5000 91 88 0.0000 
54645 2025 10 6 18 1020.2000 1020.5000 1020.2000 1019.1000 1.2000 2.7000 281 272 1.8000 247 13.6000 13.6000 12.0000 80 79 0.0000 
54645 2025 10 6 21 1019.9000 1020.2000 1020.1000 1019.6000 1.3000 2.2000 287 293 1.2000 297 14.8000 14.8000 14.6000 77 75 0.0000 
54645 2025 10 7 0 1020.1000 1020.4000 1020.1000 1019.8000 0.9000 1.6000 281 314 0.7000 289 16.1000 16.1000 14.6000 74 74 0.0000 
54645 2025 10 7 3 1019.8000 1020.1000 1020.1000 1019.7000 1.6000 3.1000 188 192 1.2000 319 21.1000 21.2000 20.0000 53 51 0.0000 
54645 2025 10 7 6 1018.1000 1018.4000 1018.8000 1018.1000 1.5000 3.3000 273 287 1.1000 234 23.0000 23.0000 22.0000 50 49 0.0000 
54645 2025 10 7 9 1018.7000 1019.0000 1018.7000 1018.1000 1.9000 3.7000 231 279 0.8000 195 20.9000 21.4000 20.9000 65 58 0.0000 
54645 2025 10 7 12 1019.2000 1019.5000 1019.2000 1019.0000 0.9000 1.9000 233 279 0.5000 211 17.5000 18.9000 17.5000 85 75 0.0000 
54645 2025 10 7 15 1019.7000 1020.0000 1019.8000 1019.6000 1.4000 2.9000 301 241 0.9000 258 17.9000 18.3000 17.9000 84 81 0.0000 
54645 2025 10 7 18 1019.4000 1019.7000 1020.1000 1019.4000 1.2000 2.3000 287 247 0.7000 282 18.0000 18.3000 18.0000 85 83 0.0000 
54645 2025 10 7 21 1021.2000 1021.5000 1021.5000 1020.9000 1.8000 2.7000 48 34 1.4000 39 17.6000 17.9000 17.6000 91 89 1.6000 
54645 2025 10 8 0 1023.2000 1023.5000 1023.2000 1022.6000 4.8000 10.1000 79 72 4.4000 76 15.7000 16.0000 15.6000 72 71 1.5000 
54645 2025 10 8 3 1023.4000 1023.7000 1023.7000 1023.3000 5.5000 11.0000 90 76 3.9000 69 13.8000 15.8000 13.8000 76 64 1.0000 
54645 2025 10 8 6 1022.3000 1022.6000 1022.7000 1022.2000 6.1000 11.8000 53 57 4.5000 63 12.6000 13.8000 12.5000 71 67 0.8000 
54645 2025 10 8 9 1021.9000 1022.2000 1022.1000 1021.5000 5.8000 12.0000 76 23 3.9000 57 10.8000 12.8000 10.8000 83 57 0.8000 
54645 2025 10 8 12 1022.9000 1023.2000 1023.0000 1022.1000 4.7000 9.1000 37 21 3.3000 29 9.5000 10.4000 9.5000 93 84 1.4000 
54645 2025 10 8 15 1022.8000 1023.1000 1023.3000 1022.8000 5.4000 10.0000 45 27 4.9000 33 8.4000 8.7000 8.4000 94 93 8.6000 
54645 2025 10 8 18 1021.9000 1022.2000 1022.3000 1021.8000 4.7000 8.3000 31 47 4.5000 41 8.9000 9.1000 8.7000 95 93 4.5000 
54645 2025 10 8 21 1021.7000 1022.0000 1021.7000 1021.2000 4.9000 8.5000 48 24 4.5000 31 8.8000 9.0000 8.8000 95 95 4.7000 
54645 2025 10 9 0 1022.6000 1022.9000 1022.6000 1022.2000 4.7000 8.6000 23 21 3.9000 33 9.4000 9.4000 8.8000 95 95 10.5000 
54645 2025 10 9 3 1022.2000 1022.5000 1022.6000 1022.1000 5.1000 10.5000 53 36 3.9000 48 9.7000 9.9000 9.5000 94 93 8.0000 
54645 2025 10 9 6 1021.3000 1021.6000 1021.5000 1021.3000 5.2000 9.6000 25 32 5.4000 40 9.2000 9.6000 9.2000 94 93 6.0000 
54645 2025 10 9 9 1021.2000 1021.5000 1021.3000 1020.9000 4.2000 8.2000 357 31 3.3000 28 8.8000 9.1000 8.7000 94 94 5.7000 
54645 2025 10 9 12 1021.5000 1021.8000 1021.9000 1021.4000 3.5000 7.2000 51 55 3.8000 29 9.0000 9.0000 8.9000 93 93 5.8000 
54645 2025 10 9 15 1021.1000 1021.4000 1022.0000 1021.1000 3.6000 7.0000 39 50 2.9000 32 8.9000 9.1000 8.9000 93 93 9.1000 
54645 2025 10 9 18 1021.9000 1022.2000 1021.9000 1021.3000 3.8000 7.5000 360 4 2.8000 352 8.5000 8.5000 8.4000 93 91 8.6000 
54645 2025 10 9 21 1020.9000 1021.2000 1021.4000 1020.6000 3.5000 7.4000 3 48 2.4000 34 8.3000 8.5000 8.3000 91 91 2.1000 
